function mpc = case_nyiso
%   Power flow data for Energise NYISO network.
%   Please see CASEFORMAT for details on the case file format.


%   MATPOWER

%% MATPOWER Case Format : Version 2
mpc.version = '2';

%%-----  Power Flow Data  -----%%
%% system MVA base
mpc.baseMVA = 100;

%% bus data
%	bus_i	type	Pd	Qd	Gs	Bs	area	Vm	Va	baseKV	zone	Vmax	Vmin
mpc.bus = [1  1  0  0  0  0  1  1.0346 -1.7300 345  1  1.1000 0.9000;
	2  1  271.7200 -230.9300 0  0  1  1.0547 -3.3300 345  1  1.1000 0.9000;
	3  1  242.7900 -225.7800 0  0  1  1.0546 -3.2900 345  1  1.1000 0.9000;
	4  1  0  0  0  0  1  1.0421 -2.1400 345  1  1.1000 0.9000;
	5  1  19.6000 5.6000 0  0  1  1.0007 -4.5800 138  1  1.1000 0.9000;
	6  1  23.8000 4.4100 0  0  1  1.0144 -6.2100 69  1  1.1000 0.9000;
	7  1  35.6000 13.4400 0  0  1  0.9940 -5.2400 138  1  1.1000 0.9000;
	8  1  24.4000 2.3200 0  0  1  1.0015 -5.0600 138  1  1.1000 0.9000;
	9  1  28.0200 6.7200 0  0  1  0.9954 -5.1200 138  1  1.1000 0.9000;
	10  1  0  0  0  0  1  1.0004 -4.8200 138  1  1.1000 0.9000;
	11  1  0  0  0  0  1  0.9836 -3.6900 138  1  1.1000 0.9000;
	12  1  17.5800 3.8400 0  0  1  0.9921 -3.9100 138  1  1.1000 0.9000;
	13  1  37.7000 6.1000 0  0  1  0.9960 -5.0500 138  1  1.1000 0.9000;
	14  1  56.6900 79.5200 0  0  1  1  -4.5900 138  1  1.1000 0.9000;
	15  1  0  0  0  0  1  1.0059 -4.2000 138  1  1.1000 0.9000;
	16  1  0  0  0  0  1  1.0075 -4.0600 138  1  1.1000 0.9000;
	17  1  0  0  0  0  1  1  -4.6000 138  1  1.1000 0.9000;
	18  1  0  0  0  0  1  1.0066 -3.7700 138  1  1.1000 0.9000;
	19  1  32.4000 8.8000 0  0  1  1.0027 -4.0600 138  1  1.1000 0.9000;
	20  1  0  0  0  0  1  0.9999 -5.5700 138  1  1.1000 0.9000;
	21  1  0.8200 0.6100 0  0  1  0.9995 -8.9100 69  1  1.1000 0.9000;
	22  1  11.5600 3.2800 0  0  1  0.9926 -7.2200 69  1  1.1000 0.9000;
	23  1  0.1600 0.0800 0  0  1  0.9973 -6.6500 69  1  1.1000 0.9000;
	24  1  0  0  0  0  1  1  -6.2700 69  1  1.1000 0.9000;
	25  1  2.0400 1.4300 0  0  1  0.9904 -5.9700 69  1  1.1000 0.9000;
	26  1  0  0  0  0  1  1.0167 -6.0800 69  1  1.1000 0.9000;
	27  1  25.2800 -9.1000 0  0  1  1  -7.0100 69  1  1.1000 0.9000;
	28  2  24.2100 -8.0300 0  0  1  0.9950 -5.9800 69  1  1.1000 0.9000;
	29  1  9.0300 3.1800 0  0  1  0.9987 -6.3800 69  1  1.1000 0.9000;
	30  1  4.5700 1.3100 0  0  1  0.9972 -6.5500 69  1  1.1000 0.9000;
	31  1  0.7200 0.1200 0  0  1  0.9903 -5.5100 69  1  1.1000 0.9000;
	32  2  0.8200 0.3800 0  0  1  1.0398 -5.3800 69  1  1.1000 0.9000;
	33  1  27.0900 -10.4600 0  0  1  1  -6.8300 69  1  1.1000 0.9000;
	34  1  20.8200 4.3200 0  0  1  1.0030 -7.1900 69  1  1.1000 0.9000;
	35  1  24.3000 -7  0  0  1  1  -8.6700 69  1  1.1000 0.9000;
	36  1  0  0  0  0  1  1.0070 -7.5200 69  1  1.1000 0.9000;
	37  1  7.7600 -13.9400 0  0  1  0.9978 -6.8900 69  1  1.1000 0.9000;
	38  2  0  0  0  0  1  1.0459 -5.1700 69  1  1.1000 0.9000;
	39  1  18.6800 4.4800 0  0  1  1.0093 -6.0100 69  1  1.1000 0.9000;
	40  2  16.1500 -12.8500 0  0  1  1.0250 -5.3700 69  1  1.1000 0.9000;
	41  1  6.7200 1.6800 0  0  1  0.9956 -6.3400 69  1  1.1000 0.9000;
	42  1  20.0400 -2.3500 0  0  1  0.9992 -9.1400 69  1  1.1000 0.9000;
	43  1  3.0800 1.3200 0  0  1  0.9999 -6  69  1  1.1000 0.9000;
	44  1  0  0  0  0  1  1  -5.8300 69  1  1.1000 0.9000;
	45  2  0.1400 0.0800 0  0  1  1.0500 -5.2500 69  1  1.1000 0.9000;
	46  1  34.3200 5.4400 0  0  1  0.9973 -4.9200 138  1  1.1000 0.9000;
	47  1  25.8600 -4.6500 0  0  1  1  -7.6100 69  1  1.1000 0.9000;48  1  19.6800 -6.0700 0  0  1  1  -6.4700 69  1  1.1000 0.9000;49  1  21.4800 3.9000 0  0  1  0.9935 -7.2800 69  1  1.1000 0.9000;50  2  3.1700 6.4400 0  0  1  1.0106 -7.3600 34.5000 1  1.1000 0.9000;51  1  23.7000 6.1800 0  0  1  1.0146 -6.2000 69  1  1.1000 0.9000;52  2  0  0  0  0  1  1  4.2800 20  1  1.1000 0.9000;53  2  0  0  0  0  1  1  4.3100 20  1  1.1000 0.9000;54  1  9.4400 2.1600 0  0  1  1.0140 -6.2600 69  1  1.1000 0.9000;55  1  21.7700 -19.8300 0  0  1  1.0070 -7.5200 69  1  1.1000 0.9000;56  1  3.5500 1.8200 0  0  1  0.9902 -5.9800 69  1  1.1000 0.9000;57  1  0  0  0  0  1  1.0140 -6.2600 69  1  1.1000 0.9000;58  1  0  0  0  0  1  1.0250 -5.3700 69  1  1.1000 0.9000;59  1  0  0  0  0  1  1  -4.5600 138  1  1.1000 0.9000;60  1  32  9.6000 0  0  1  1  -5.4700 138  1  1.1000 0.9000;61  1  63.9900 46.8900 0  0  1  0.9788 -6.1100 138  1  1.1000 0.9000;62  1  12.5400 5.7600 0  0  1  1.0093 -5.9100 69  1  1.1000 0.9000;63  1  0  0  0  0  1  0.9990 -4.7900 138  1  1.1000 0.9000;64  1  0  0  0  0  1  1.0472 -2.6300 345  1  1.1000 0.9000;65  1  0  0  0  0  1  1.0347 -1.6300 345  1  1.1000 0.9000;66  1  0  0  0  0  1  1.0368 -1.6300 345  1  1.1000 0.9000;67  1  0  0  0  0  1  1.0431 -2.1600 345  1  1.1000 0.9000;68  1  0  0  0  0  1  1.0495 -2.9600 345  1  1.1000 0.9000;69  1  0  0  0  0  1  1.0495 -2.9200 345  1  1.1000 0.9000;70  3  0  0  0  0  1  1.0328 0  345  1  1.1000 0.9000;71  1  0  0  0  0  1  1.0077 -6.8500 34.5000 1  1.1000 0.9000;72  1  0  0  0  0  1  1.0459 -5.1700 34.5000 1  1.1000 0.9000;73  1  18.1200 9.3300 0  0  1  0.9784 -10.0100 34.5000 1  1.1000 0.9000;74  1  0  0  0  0  1  1  -7.0100 34.5000 1  1.1000 0.9000;75  1  0  0  0  0  1  1  -7.0100 34.5000 1  1.1000 0.9000;76  1  0  0  0  0  1  1  -4.2000 34.5000 1  1.1000 0.9000;77  1  0  0  0  0  1  1.0140 -6.2600 34.5000 1  1.1000 0.9000;
	78  1  0  0  0  0  1  1.0250 -5.3700 34.5000 1  1.1000 0.9000;
	79  1  0  0  0  0  1  1.0495 -2.2400 345  1  1.1000 0.9000;
	];
%% generator data
%	bus	Pg	Qg	Qmax	Qmin	Vg	mBase	status	Pmax	Pmin	Pc1	Pc2	Qc1min	Qc1max	Qc2min	Qc2max	ramp_agc	ramp_10	ramp_30	ramp_q	apf
mpc.gen = [
	70  238.9300 -81.7000 280  -200  1.0357 100  1  999  0  0  0  0  0  0  0  0  0  0  0  0 ;
	28  3.7500 -6  6  -6  0.9950 100  1  42.6000 0  0  0  0  0  0  0  0  0  0  0  0 ;
	32  2.3500 3  3  0  1.0500 100  1  3.9400 0  0  0  0  0  0  0  0  0  0  0  0 ;
	38  6.2200 5  5  0  1.0500 100  1  10.2000 0  0  0  0  0  0  0  0  0  0  0  0 ;
	40  40.0500 6  6  -6  1.0250 100  1  40.3000 0  0  0  0  0  0  0  0  0  0  0  0 ;
	45  3.7300 5.3800 8  0  1.0500 100  1  7  0  0  0  0  0  0  0  0  0  0  0  0 ;
	50  0.8400 9.2600 14.2400 5.1300 1.0106 100  1  1.0300 0  0  0  0  0  0  0  0  0  0  0  0 ;
	52  508.0500 -61.5400 282.3100 -61.5400 1  100  1  560  0  0  0  0  0  0  0  0  0  0  0  0 ;
	53  509.3500 -51.3000 299  -54.6900 1  100  1  574.6000 0  0  0  0  0  0  0  0  0  0  0  0 ;
	];

%% branch data
%	fbus	tbus	r	x	b	rateA	rateB	rateC	ratio	angle	status	angmin	angmax
% zero line charging susceptible
