2016-02-01 00:00:00,18595.0+2361.0j
2016-02-01 00:01:00,18575.0+2358.0j
2016-02-01 00:02:00,18553.0+2338.0j
2016-02-01 00:03:00,18532.0+2335.0j
2016-02-01 00:04:00,18511.0+2314.0j
2016-02-01 00:05:00,18489.0+2312.0j
2016-02-01 00:06:00,18479.0+2292.0j
2016-02-01 00:07:00,18458.0+2289.0j
2016-02-01 00:08:00,18436.0+2286.0j
2016-02-01 00:09:00,18415.0+2266.0j
2016-02-01 00:10:00,18395.0+2262.0j
2016-02-01 00:11:00,18385.0+2244.0j
2016-02-01 00:12:00,18364.0+2240.0j
2016-02-01 00:13:00,18343.0+2238.0j
2016-02-01 00:14:00,18321.0+2217.0j
2016-02-01 00:15:00,18311.0+2216.0j
2016-02-01 00:16:00,18290.0+2213.0j
2016-02-01 00:17:00,18268.0+2192.0j
2016-02-01 00:18:00,18214.0+2185.0j
2016-02-01 00:19:00,18193.0+2183.0j
2016-02-01 00:20:00,18182.0+2164.0j
2016-02-01 00:21:00,18161.0+2162.0j
2016-02-01 00:22:00,18141.0+2159.0j
2016-02-01 00:23:00,18131.0+2140.0j
2016-02-01 00:24:00,18110.0+2137.0j
2016-02-01 00:25:00,18099.0+2135.0j
2016-02-01 00:26:00,18078.0+2115.0j
2016-02-01 00:27:00,18068.0+2114.0j
2016-02-01 00:28:00,18046.0+2111.0j
2016-02-01 00:29:00,18035.0+2110.0j
2016-02-01 00:30:00,18026.0+2092.0j
2016-02-01 00:31:00,18004.0+2089.0j
2016-02-01 00:32:00,17993.0+2088.0j
2016-02-01 00:33:00,17972.0+2085.0j
2016-02-01 00:34:00,17961.0+2067.0j
2016-02-01 00:35:00,17951.0+2064.0j
2016-02-01 00:36:00,17931.0+2061.0j
2016-02-01 00:37:00,17920.0+2061.0j
2016-02-01 00:38:00,17910.0+2059.0j
2016-02-01 00:39:00,17899.0+2040.0j
2016-02-01 00:40:00,17877.0+2038.0j
2016-02-01 00:41:00,17868.0+2037.0j
2016-02-01 00:42:00,17857.0+2036.0j
2016-02-01 00:43:00,17847.0+2034.0j
2016-02-01 00:44:00,17826.0+2014.0j
2016-02-01 00:45:00,17814.0+2013.0j
2016-02-01 00:46:00,17803.0+2012.0j
2016-02-01 00:47:00,17793.0+2011.0j
2016-02-01 00:48:00,17740.0+2004.0j
2016-02-01 00:49:00,17730.0+1985.0j
2016-02-01 00:50:00,17710.0+1983.0j
2016-02-01 00:51:00,17699.0+1983.0j
2016-02-01 00:52:00,17689.0+1982.0j
2016-02-01 00:53:00,17678.0+1980.0j
2016-02-01 00:54:00,17668.0+1979.0j
2016-02-01 00:55:00,17657.0+1978.0j
2016-02-01 00:56:00,17647.0+1958.0j
2016-02-01 00:57:00,17635.0+1958.0j
2016-02-01 00:58:00,17625.0+1956.0j
2016-02-01 00:59:00,17615.0+1956.0j
2016-02-01 01:00:00,17604.0+1954.0j
2016-02-01 01:01:00,17594.0+1952.0j
2016-02-01 01:02:00,17583.0+1951.0j
2016-02-01 01:03:00,17572.0+1950.0j
2016-02-01 01:04:00,17561.0+1949.0j
2016-02-01 01:05:00,17551.0+1930.0j
2016-02-01 01:06:00,17541.0+1930.0j
2016-02-01 01:07:00,17531.0+1928.0j
2016-02-01 01:08:00,17531.0+1928.0j
2016-02-01 01:09:00,17520.0+1928.0j
2016-02-01 01:10:00,17510.0+1926.0j
2016-02-01 01:11:00,17499.0+1925.0j
2016-02-01 01:12:00,17448.0+1919.0j
2016-02-01 01:13:00,17436.0+1917.0j
2016-02-01 01:14:00,17426.0+1917.0j
2016-02-01 01:15:00,17426.0+1917.0j
2016-02-01 01:16:00,17415.0+1915.0j
2016-02-01 01:17:00,17406.0+1897.0j
2016-02-01 01:18:00,17395.0+1895.0j
2016-02-01 01:19:00,17385.0+1895.0j
2016-02-01 01:20:00,17385.0+1895.0j
2016-02-01 01:21:00,17373.0+1893.0j
2016-02-01 01:22:00,17362.0+1893.0j
2016-02-01 01:23:00,17352.0+1892.0j
2016-02-01 01:24:00,17352.0+1892.0j
2016-02-01 01:25:00,17341.0+1890.0j
2016-02-01 01:26:00,17332.0+1890.0j
2016-02-01 01:27:00,17332.0+1890.0j
2016-02-01 01:28:00,17322.0+1888.0j
2016-02-01 01:29:00,17311.0+1887.0j
2016-02-01 01:30:00,17311.0+1887.0j
2016-02-01 01:31:00,17300.0+1885.0j
2016-02-01 01:32:00,17290.0+1885.0j
2016-02-01 01:33:00,17249.0+1862.0j
2016-02-01 01:34:00,17238.0+1862.0j
2016-02-01 01:35:00,17227.0+1860.0j
2016-02-01 01:36:00,17227.0+1860.0j
2016-02-01 01:37:00,17216.0+1860.0j
2016-02-01 01:38:00,17216.0+1860.0j
2016-02-01 01:39:00,17207.0+1858.0j
2016-02-01 01:40:00,17196.0+1858.0j
2016-02-01 01:41:00,17196.0+1858.0j
2016-02-01 01:42:00,17186.0+1856.0j
2016-02-01 01:43:00,17186.0+1856.0j
2016-02-01 01:44:00,17175.0+1855.0j
2016-02-01 01:45:00,17175.0+1855.0j
2016-02-01 01:46:00,17165.0+1854.0j
2016-02-01 01:47:00,17153.0+1852.0j
2016-02-01 01:48:00,17153.0+1852.0j
2016-02-01 01:49:00,17144.0+1852.0j
2016-02-01 01:50:00,17144.0+1852.0j
2016-02-01 01:51:00,17134.0+1850.0j
2016-02-01 01:52:00,17093.0+1829.0j
2016-02-01 01:53:00,17083.0+1827.0j
2016-02-01 01:54:00,17083.0+1827.0j
2016-02-01 01:55:00,17072.0+1827.0j
2016-02-01 01:56:00,17072.0+1827.0j
2016-02-01 01:57:00,17061.0+1825.0j
2016-02-01 01:58:00,17061.0+1825.0j
2016-02-01 01:59:00,17050.0+1825.0j
2016-02-01 02:00:00,17050.0+1825.0j
2016-02-01 02:01:00,17050.0+1825.0j
2016-02-01 02:02:00,17040.0+1824.0j
2016-02-01 02:03:00,17040.0+1824.0j
2016-02-01 02:04:00,17030.0+1823.0j
2016-02-01 02:05:00,17030.0+1823.0j
2016-02-01 02:06:00,17020.0+1821.0j
2016-02-01 02:07:00,17020.0+1804.0j
2016-02-01 02:08:00,17009.0+1803.0j
2016-02-01 02:09:00,16969.0+1798.0j
2016-02-01 02:10:00,16969.0+1798.0j
2016-02-01 02:11:00,16958.0+1797.0j
2016-02-01 02:12:00,16958.0+1797.0j
2016-02-01 02:13:00,16947.0+1797.0j
2016-02-01 02:14:00,16947.0+1797.0j
2016-02-01 02:15:00,16947.0+1797.0j
2016-02-01 02:16:00,16937.0+1795.0j
2016-02-01 02:17:00,16937.0+1795.0j
2016-02-01 02:18:00,16937.0+1795.0j
2016-02-01 02:19:00,16927.0+1794.0j
2016-02-01 02:20:00,16927.0+1794.0j
2016-02-01 02:21:00,16927.0+1778.0j
2016-02-01 02:22:00,16917.0+1776.0j
2016-02-01 02:23:00,16917.0+1776.0j
2016-02-01 02:24:00,16917.0+1776.0j
2016-02-01 02:25:00,16865.0+1771.0j
2016-02-01 02:26:00,16865.0+1771.0j
2016-02-01 02:27:00,16865.0+1771.0j
2016-02-01 02:28:00,16865.0+1771.0j
2016-02-01 02:29:00,16855.0+1770.0j
2016-02-01 02:30:00,16855.0+1770.0j
2016-02-01 02:31:00,16855.0+1770.0j
2016-02-01 02:32:00,16855.0+1770.0j
2016-02-01 02:33:00,16855.0+1770.0j
2016-02-01 02:34:00,16843.0+1769.0j
2016-02-01 02:35:00,16843.0+1769.0j
2016-02-01 02:36:00,16843.0+1769.0j
2016-02-01 02:37:00,16843.0+1769.0j
2016-02-01 02:38:00,16843.0+1769.0j
2016-02-01 02:39:00,16843.0+1769.0j
2016-02-01 02:40:00,16843.0+1769.0j
2016-02-01 02:41:00,16843.0+1769.0j
2016-02-01 02:42:00,16843.0+1769.0j
2016-02-01 02:43:00,16834.0+1768.0j
2016-02-01 02:44:00,16834.0+1768.0j
2016-02-01 02:45:00,16794.0+1763.0j
2016-02-01 02:46:00,16794.0+1763.0j
2016-02-01 02:47:00,16794.0+1763.0j
2016-02-01 02:48:00,16794.0+1763.0j
2016-02-01 02:49:00,16794.0+1763.0j
2016-02-01 02:50:00,16803.0+1782.0j
2016-02-01 02:51:00,16803.0+1782.0j
2016-02-01 02:52:00,16803.0+1782.0j
2016-02-01 02:53:00,16803.0+1782.0j
2016-02-01 02:54:00,16803.0+1782.0j
2016-02-01 02:55:00,16803.0+1782.0j
2016-02-01 02:56:00,16803.0+1782.0j
2016-02-01 02:57:00,16803.0+1782.0j
2016-02-01 02:58:00,16814.0+1799.0j
2016-02-01 02:59:00,16814.0+1799.0j
2016-02-01 03:00:00,16814.0+1799.0j
2016-02-01 03:01:00,16814.0+1799.0j
2016-02-01 03:02:00,16824.0+1800.0j
2016-02-01 03:03:00,16824.0+1817.0j
2016-02-01 03:04:00,16824.0+1817.0j
2016-02-01 03:05:00,16824.0+1817.0j
2016-02-01 03:06:00,16836.0+1818.0j
2016-02-01 03:07:00,16836.0+1835.0j
2016-02-01 03:08:00,16836.0+1835.0j
2016-02-01 03:09:00,16845.0+1837.0j
2016-02-01 03:10:00,16845.0+1837.0j
2016-02-01 03:11:00,16855.0+1854.0j
2016-02-01 03:12:00,16855.0+1854.0j
2016-02-01 03:13:00,16865.0+1855.0j
2016-02-01 03:14:00,16865.0+1872.0j
2016-02-01 03:15:00,16865.0+1872.0j
2016-02-01 03:16:00,16876.0+1873.0j
2016-02-01 03:17:00,16876.0+1873.0j
2016-02-01 03:18:00,16886.0+1892.0j
2016-02-01 03:19:00,16886.0+1892.0j
2016-02-01 03:20:00,16897.0+1893.0j
2016-02-01 03:21:00,16906.0+1911.0j
2016-02-01 03:22:00,16906.0+1911.0j
2016-02-01 03:23:00,16917.0+1913.0j
2016-02-01 03:24:00,16917.0+1928.0j
2016-02-01 03:25:00,16928.0+1930.0j
2016-02-01 03:26:00,16928.0+1947.0j
2016-02-01 03:27:00,16939.0+1948.0j
2016-02-01 03:28:00,16949.0+1949.0j
2016-02-01 03:29:00,16949.0+1966.0j
2016-02-01 03:30:00,16960.0+1968.0j
2016-02-01 03:31:00,16960.0+1968.0j
2016-02-01 03:32:00,16969.0+1985.0j
2016-02-01 03:33:00,16980.0+1986.0j
2016-02-01 03:34:00,16980.0+1986.0j
2016-02-01 03:35:00,16990.0+2004.0j
2016-02-01 03:36:00,17001.0+2006.0j
2016-02-01 03:37:00,17001.0+2024.0j
2016-02-01 03:38:00,17010.0+2024.0j
2016-02-01 03:39:00,17020.0+2026.0j
2016-02-01 03:40:00,17020.0+2041.0j
2016-02-01 03:41:00,17031.0+2045.0j
2016-02-01 03:42:00,17042.0+2045.0j
2016-02-01 03:43:00,17042.0+2061.0j
2016-02-01 03:44:00,17052.0+2064.0j
2016-02-01 03:45:00,17063.0+2064.0j
2016-02-01 03:46:00,17063.0+2081.0j
2016-02-01 03:47:00,17114.0+2088.0j
2016-02-01 03:48:00,17125.0+2089.0j
2016-02-01 03:49:00,17125.0+2107.0j
2016-02-01 03:50:00,17135.0+2107.0j
2016-02-01 03:51:00,17146.0+2109.0j
2016-02-01 03:52:00,17156.0+2127.0j
2016-02-01 03:53:00,17156.0+2127.0j
2016-02-01 03:54:00,17166.0+2129.0j
2016-02-01 03:55:00,17175.0+2148.0j
2016-02-01 03:56:00,17175.0+2148.0j
2016-02-01 03:57:00,17186.0+2148.0j
2016-02-01 03:58:00,17196.0+2150.0j
2016-02-01 03:59:00,17196.0+2168.0j
2016-02-01 04:00:00,17207.0+2168.0j
2016-02-01 04:01:00,17218.0+2170.0j
2016-02-01 04:02:00,17218.0+2187.0j
2016-02-01 04:03:00,17229.0+2189.0j
2016-02-01 04:04:00,17238.0+2190.0j
2016-02-01 04:05:00,17238.0+2190.0j
2016-02-01 04:06:00,17249.0+2191.0j
2016-02-01 04:07:00,17259.0+2210.0j
2016-02-01 04:08:00,17259.0+2210.0j
2016-02-01 04:09:00,17270.0+2211.0j
2016-02-01 04:10:00,17280.0+2212.0j
2016-02-01 04:11:00,17280.0+2212.0j
2016-02-01 04:12:00,17332.0+2236.0j
2016-02-01 04:13:00,17342.0+2238.0j
2016-02-01 04:14:00,17352.0+2238.0j
2016-02-01 04:15:00,17362.0+2240.0j
2016-02-01 04:16:00,17362.0+2240.0j
2016-02-01 04:17:00,17373.0+2240.0j
2016-02-01 04:18:00,17385.0+2244.0j
2016-02-01 04:19:00,17395.0+2261.0j
2016-02-01 04:20:00,17406.0+2262.0j
2016-02-01 04:21:00,17415.0+2264.0j
2016-02-01 04:22:00,17426.0+2266.0j
2016-02-01 04:23:00,17436.0+2267.0j
2016-02-01 04:24:00,17447.0+2268.0j
2016-02-01 04:25:00,17457.0+2269.0j
2016-02-01 04:26:00,17468.0+2271.0j
2016-02-01 04:27:00,17489.0+2273.0j
2016-02-01 04:28:00,17499.0+2275.0j
2016-02-01 04:29:00,17551.0+2300.0j
2016-02-01 04:30:00,17561.0+2301.0j
2016-02-01 04:31:00,17582.0+2303.0j
2016-02-01 04:32:00,17593.0+2305.0j
2016-02-01 04:33:00,17614.0+2308.0j
2016-02-01 04:34:00,17624.0+2309.0j
2016-02-01 04:35:00,17645.0+2312.0j
2016-02-01 04:36:00,17665.0+2314.0j
2016-02-01 04:37:00,17686.0+2316.0j
2016-02-01 04:38:00,17697.0+2319.0j
2016-02-01 04:39:00,17718.0+2322.0j
2016-02-01 04:40:00,17738.0+2324.0j
2016-02-01 04:41:00,17802.0+2333.0j
2016-02-01 04:42:00,17823.0+2335.0j
2016-02-01 04:43:00,17855.0+2339.0j
2016-02-01 04:44:00,17876.0+2342.0j
2016-02-01 04:45:00,17896.0+2344.0j
2016-02-01 04:46:00,17927.0+2349.0j
2016-02-01 04:47:00,17947.0+2351.0j
2016-02-01 04:48:00,17980.0+2356.0j
2016-02-01 04:49:00,18001.0+2358.0j
2016-02-01 04:50:00,18076.0+2369.0j
2016-02-01 04:51:00,18106.0+2371.0j
2016-02-01 04:52:00,18138.0+2377.0j
2016-02-01 04:53:00,18170.0+2362.0j
2016-02-01 04:54:00,18201.0+2366.0j
2016-02-01 04:55:00,18233.0+2370.0j
2016-02-01 04:56:00,18275.0+2377.0j
2016-02-01 04:57:00,18350.0+2384.0j
2016-02-01 04:58:00,18391.0+2391.0j
2016-02-01 04:59:00,18423.0+2395.0j
2016-02-01 05:00:00,18464.0+2400.0j
2016-02-01 05:01:00,18507.0+2406.0j
2016-02-01 05:02:00,18549.0+2412.0j
2016-02-01 05:03:00,18591.0+2417.0j
2016-02-01 05:04:00,18677.0+2427.0j
2016-02-01 05:05:00,18719.0+2434.0j
2016-02-01 05:06:00,18772.0+2423.0j
2016-02-01 05:07:00,18814.0+2427.0j
2016-02-01 05:08:00,18867.0+2434.0j
2016-02-01 05:09:00,18953.0+2445.0j
2016-02-01 05:10:00,19007.0+2452.0j
2016-02-01 05:11:00,19059.0+2459.0j
2016-02-01 05:12:00,19111.0+2466.0j
2016-02-01 05:13:00,19165.0+2472.0j
2016-02-01 05:14:00,19218.0+2480.0j
2016-02-01 05:15:00,19316.0+2492.0j
2016-02-01 05:16:00,19369.0+2499.0j
2016-02-01 05:17:00,19421.0+2505.0j
2016-02-01 05:18:00,19475.0+2513.0j
2016-02-01 05:19:00,19538.0+2521.0j
2016-02-01 05:20:00,19639.0+2534.0j
2016-02-01 05:21:00,19701.0+2542.0j
2016-02-01 05:22:00,19754.0+2548.0j
2016-02-01 05:23:00,19818.0+2556.0j
2016-02-01 05:24:00,19918.0+2569.0j
2016-02-01 05:25:00,19982.0+2578.0j
2016-02-01 05:26:00,20045.0+2586.0j
2016-02-01 05:27:00,20097.0+2592.0j
2016-02-01 05:28:00,20162.0+2601.0j
2016-02-01 05:29:00,20273.0+2616.0j
2016-02-01 05:30:00,20337.0+2624.0j
2016-02-01 05:31:00,20390.0+2631.0j
2016-02-01 05:32:00,20454.0+2659.0j
2016-02-01 05:33:00,20517.0+2667.0j
2016-02-01 05:34:00,20631.0+2681.0j
2016-02-01 05:35:00,20694.0+2690.0j
2016-02-01 05:36:00,20758.0+2699.0j
2016-02-01 05:37:00,20823.0+2727.0j
2016-02-01 05:38:00,20936.0+2743.0j
2016-02-01 05:39:00,21000.0+2751.0j
2016-02-01 05:40:00,21065.0+2780.0j
2016-02-01 05:41:00,21128.0+2790.0j
2016-02-01 05:42:00,21192.0+2798.0j
2016-02-01 05:43:00,21306.0+2833.0j
2016-02-01 05:44:00,21370.0+2843.0j
2016-02-01 05:45:00,21436.0+2872.0j
2016-02-01 05:46:00,21488.0+2880.0j
2016-02-01 05:47:00,21554.0+2909.0j
2016-02-01 05:48:00,21667.0+2926.0j
2016-02-01 05:49:00,21733.0+2956.0j
2016-02-01 05:50:00,21797.0+2986.0j
2016-02-01 05:51:00,21861.0+2995.0j
2016-02-01 05:52:00,21914.0+3024.0j
2016-02-01 05:53:00,22031.0+3063.0j
2016-02-01 05:54:00,22095.0+3093.0j
2016-02-01 05:55:00,22149.0+3100.0j
2016-02-01 05:56:00,22214.0+3133.0j
2016-02-01 05:57:00,22279.0+3163.0j
2016-02-01 05:58:00,22385.0+3201.0j
2016-02-01 05:59:00,22450.0+3233.0j
2016-02-01 06:00:00,22504.0+3264.0j
2016-02-01 06:01:00,22556.0+3293.0j
2016-02-01 06:02:00,22622.0+3325.0j
2016-02-01 06:03:00,22728.0+3364.0j
2016-02-01 06:04:00,22783.0+3395.0j
2016-02-01 06:05:00,22837.0+3448.0j
2016-02-01 06:06:00,22892.0+3480.0j
2016-02-01 06:07:00,22945.0+3511.0j
2016-02-01 06:08:00,22999.0+3541.0j
2016-02-01 06:09:00,23106.0+3605.0j
2016-02-01 06:10:00,23161.0+3636.0j
2016-02-01 06:11:00,23215.0+3667.0j
2016-02-01 06:12:00,23258.0+3721.0j
2016-02-01 06:13:00,23313.0+3753.0j
2016-02-01 06:14:00,23367.0+3809.0j
2016-02-01 06:15:00,23410.0+3839.0j
2016-02-01 06:16:00,23519.0+3905.0j
2016-02-01 06:17:00,23562.0+3934.0j
2016-02-01 06:18:00,23606.0+3989.0j
2016-02-01 06:19:00,23661.0+4022.0j
2016-02-01 06:20:00,23704.0+4077.0j
2016-02-01 06:21:00,23747.0+4108.0j
2016-02-01 06:22:00,23791.0+4163.0j
2016-02-01 06:23:00,23835.0+4218.0j
2016-02-01 06:24:00,23933.0+4260.0j
2016-02-01 06:25:00,23976.0+4315.0j
2016-02-01 06:26:00,24020.0+4348.0j
2016-02-01 06:27:00,24051.0+4402.0j
2016-02-01 06:28:00,24096.0+4458.0j
2016-02-01 06:29:00,24139.0+4491.0j
2016-02-01 06:30:00,24172.0+4544.0j
2016-02-01 06:31:00,24215.0+4602.0j
2016-02-01 06:32:00,24248.0+4631.0j
2016-02-01 06:33:00,24281.0+4685.0j
2016-02-01 06:34:00,24325.0+4743.0j
2016-02-01 06:35:00,24414.0+4786.0j
2016-02-01 06:36:00,24447.0+4841.0j
2016-02-01 06:37:00,24479.0+4871.0j
2016-02-01 06:38:00,24512.0+4927.0j
2016-02-01 06:39:00,24545.0+4982.0j
2016-02-01 06:40:00,24578.0+5014.0j
2016-02-01 06:41:00,24599.0+5069.0j
2016-02-01 06:42:00,24632.0+5099.0j
2016-02-01 06:43:00,24664.0+5155.0j
2016-02-01 06:44:00,24687.0+5209.0j
2016-02-01 06:45:00,24719.0+5240.0j
2016-02-01 06:46:00,24741.0+5295.0j
2016-02-01 06:47:00,24763.0+5324.0j
2016-02-01 06:48:00,24796.0+5381.0j
2016-02-01 06:49:00,24819.0+5411.0j
2016-02-01 06:50:00,24841.0+5439.0j
2016-02-01 06:51:00,24862.0+5495.0j
2016-02-01 06:52:00,24884.0+5524.0j
2016-02-01 06:53:00,24895.0+5551.0j
2016-02-01 06:54:00,24916.0+5606.0j
2016-02-01 06:55:00,24938.0+5636.0j
2016-02-01 06:56:00,24949.0+5664.0j
2016-02-01 06:57:00,24971.0+5718.0j
2016-02-01 06:58:00,24981.0+5746.0j
2016-02-01 06:59:00,25004.0+5776.0j
2016-02-01 07:00:00,25014.0+5803.0j
2016-02-01 07:01:00,25025.0+5831.0j
2016-02-01 07:02:00,25036.0+5857.0j
2016-02-01 07:03:00,25047.0+5886.0j
2016-02-01 07:04:00,25057.0+5913.0j
2016-02-01 07:05:00,25069.0+5941.0j
2016-02-01 07:06:00,25080.0+5968.0j
2016-02-01 07:07:00,25090.0+5996.0j
2016-02-01 07:08:00,25090.0+6021.0j
2016-02-01 07:09:00,25102.0+6024.0j
2016-02-01 07:10:00,25044.0+6036.0j
2016-02-01 07:11:00,25055.0+6064.0j
2016-02-01 07:12:00,25055.0+6064.0j
2016-02-01 07:13:00,25067.0+6091.0j
2016-02-01 07:14:00,25067.0+6116.0j
2016-02-01 07:15:00,24464.0+5968.0j
2016-02-01 07:16:00,23862.0+5847.0j
2016-02-01 07:17:00,23471.0+5751.0j
2016-02-01 07:18:00,23070.0+5676.0j
2016-02-01 07:19:00,22266.0+5477.0j
2016-02-01 07:20:00,21665.0+5330.0j
2016-02-01 07:21:00,21213.0+5240.0j
2016-02-01 07:22:00,20602.0+5089.0j
2016-02-01 07:23:00,20201.0+4990.0j
2016-02-01 07:24:00,19600.0+4841.0j
2016-02-01 07:25:00,19200.0+4761.0j
2016-02-01 07:26:00,18600.0+4613.0j
2016-02-01 07:27:00,18187.0+4511.0j
2016-02-01 07:28:00,17386.0+4312.0j
2016-02-01 07:29:00,16985.0+4211.0j
2016-02-01 07:30:00,16775.0+4161.0j
2016-02-01 07:31:00,16337.0+4051.0j
2016-02-01 07:32:00,15736.0+3903.0j
2016-02-01 07:33:00,15326.0+3801.0j
2016-02-01 07:34:00,14727.0+3652.0j
2016-02-01 07:35:00,14316.0+3551.0j
2016-02-01 07:36:00,14116.0+3486.0j
2016-02-01 07:37:00,13507.0+3336.0j
2016-02-01 07:38:00,13107.0+3236.0j
2016-02-01 07:39:00,12708.0+3138.0j
2016-02-01 07:40:00,12268.0+3018.0j
2016-02-01 07:41:00,11869.0+2920.0j
2016-02-01 07:42:00,11261.0+2758.0j
2016-02-01 07:43:00,11061.0+2710.0j
2016-02-01 07:44:00,10452.0+2550.0j
2016-02-01 07:45:00,9454.0+2306.0j
2016-02-01 07:46:00,8846.0+2149.0j
2016-02-01 07:47:00,8647.0+2102.0j
2016-02-01 07:48:00,8237.0+1993.0j
2016-02-01 07:49:00,7639.0+1840.0j
2016-02-01 07:50:00,7428.0+1790.0j
2016-02-01 07:51:00,7029.0+1686.0j
2016-02-01 07:52:00,6606.0+1579.0j
2016-02-01 07:53:00,6208.0+1484.0j
2016-02-01 07:54:00,5809.0+1383.0j
2016-02-01 07:55:00,5999.0+1421.0j
2016-02-01 07:56:00,6992.0+1651.0j
2016-02-01 07:57:00,5600.0+1316.0j
2016-02-01 07:58:00,5787.0+1354.0j
2016-02-01 07:59:00,3997.0+932.0j
2016-02-01 08:00:00,3600.0+834.0j
2016-02-01 08:01:00,3201.0+739.0j
2016-02-01 08:02:00,3201.0+737.0j
2016-02-01 08:03:00,2804.0+642.0j
2016-02-01 08:04:00,2406.0+550.0j
2016-02-01 08:05:00,2009.0+454.0j
2016-02-01 08:06:00,1610.0+363.0j
2016-02-01 08:07:00,1412.0+316.0j
2016-02-01 08:08:00,1014.0+226.0j
2016-02-01 08:09:00,616.0+136.0j
2016-02-01 08:10:00,219.0+48.0j
2016-02-01 08:11:00,20.0+5.0j
2016-02-01 08:12:00,-179.0-39.0j
2016-02-01 08:13:00,-378.0-81.0j
2016-02-01 08:14:00,-776.0-166.0j
2016-02-01 08:15:00,-965.0-207.0j
2016-02-01 08:16:00,-1164.0-247.0j
2016-02-01 08:17:00,-1561.0-329.0j
2016-02-01 08:18:00,-1958.0-409.0j
2016-02-01 08:19:00,-2347.0-488.0j
2016-02-01 08:20:00,-2943.0-607.0j
2016-02-01 08:21:00,-3142.0-644.0j
2016-02-01 08:22:00,-3529.0-716.0j
2016-02-01 08:23:00,-4126.0-833.0j
2016-02-01 08:24:00,-4524.0-905.0j
2016-02-01 08:25:00,-4921.0-979.0j
2016-02-01 08:26:00,-5109.0-1006.0j
2016-02-01 08:27:00,-5308.0-1041.0j
2016-02-01 08:28:00,-5904.0-1145.0j
2016-02-01 08:29:00,-6291.0-1215.0j
2016-02-01 08:30:00,-6689.0-1277.0j
2016-02-01 08:31:00,-6888.0-1308.0j
2016-02-01 08:32:00,-7873.0-1487.0j
2016-02-01 08:33:00,-7873.0-1472.0j
2016-02-01 08:34:00,-8071.0-1502.0j
2016-02-01 08:35:00,-8857.0-1630.0j
2016-02-01 08:36:00,-9254.0-1694.0j
2016-02-01 08:37:00,-9652.0-1747.0j
2016-02-01 08:38:00,-10835.0-1950.0j
2016-02-01 08:39:00,-11034.0-1975.0j
2016-02-01 08:40:00,-11431.0-2024.0j
2016-02-01 08:41:00,-11630.0-2047.0j
2016-02-01 08:42:00,-12027.0-2105.0j
2016-02-01 08:43:00,-12414.0-2148.0j
2016-02-01 08:44:00,-12813.0-2203.0j
2016-02-01 08:45:00,-13211.0-2259.0j
2016-02-01 08:46:00,-13410.0-2279.0j
2016-02-01 08:47:00,-13807.0-2334.0j
2016-02-01 08:48:00,-14205.0-2371.0j
2016-02-01 08:49:00,-14603.0-2424.0j
2016-02-01 08:50:00,-14603.0-2410.0j
2016-02-01 08:51:00,-14603.0-2395.0j
2016-02-01 08:52:00,-14802.0-2412.0j
2016-02-01 08:53:00,-14802.0-2398.0j
2016-02-01 08:54:00,-15200.0-2447.0j
2016-02-01 08:55:00,-15598.0-2495.0j
2016-02-01 08:56:00,-15996.0-2543.0j
2016-02-01 08:57:00,-16393.0-2590.0j
2016-02-01 08:58:00,-16791.0-2654.0j
2016-02-01 08:59:00,-17200.0-2700.0j
2016-02-01 09:00:00,-17795.0-2777.0j
2016-02-01 09:01:00,-18194.0-2820.0j
2016-02-01 09:02:00,-18404.0-2853.0j
2016-02-01 09:03:00,-18602.0-2866.0j
2016-02-01 09:04:00,-19011.0-2928.0j
2016-02-01 09:05:00,-19409.0-2969.0j
2016-02-01 09:06:00,-19818.0-3032.0j
2016-02-01 09:07:00,-19971.0-3035.0j
2016-02-01 09:08:00,-20378.0-3098.0j
2016-02-01 09:09:00,-20775.0-3137.0j
2016-02-01 09:10:00,-20984.0-3168.0j
2016-02-01 09:11:00,-21392.0-3231.0j
2016-02-01 09:12:00,-21799.0-3269.0j
2016-02-01 09:13:00,-21998.0-3299.0j
2016-02-01 09:14:00,-22405.0-3361.0j
2016-02-01 09:15:00,-22761.0-3414.0j
2016-02-01 09:16:00,-22969.0-3445.0j
2016-02-01 09:17:00,-23375.0-3506.0j
2016-02-01 09:18:00,-23573.0-3513.0j
2016-02-01 09:19:00,-23981.0-3574.0j
2016-02-01 09:20:00,-24189.0-3604.0j
2016-02-01 09:21:00,-24200.0-3606.0j
2016-02-01 09:22:00,-24155.0-3598.0j
2016-02-01 09:23:00,-24361.0-3630.0j
2016-02-01 09:24:00,-24571.0-3685.0j
2016-02-01 09:25:00,-24779.0-3718.0j
2016-02-01 09:26:00,-24987.0-3748.0j
2016-02-01 09:27:00,-24800.0-3720.0j
2016-02-01 09:28:00,-24811.0-3722.0j
2016-02-01 09:29:00,-24765.0-3715.0j
2016-02-01 09:30:00,-24182.0-3628.0j
2016-02-01 09:31:00,-24402.0-3660.0j
2016-02-01 09:32:00,-24215.0-3657.0j
2016-02-01 09:33:00,-23832.0-3598.0j
2016-02-01 09:34:00,-23590.0-3562.0j
2016-02-01 09:35:00,-23404.0-3534.0j
2016-02-01 09:36:00,-23415.0-3559.0j
2016-02-01 09:37:00,-23623.0-3590.0j
2016-02-01 09:38:00,-24026.0-3652.0j
2016-02-01 09:39:00,-24047.0-3655.0j
2016-02-01 09:40:00,-24199.0-3701.0j
2016-02-01 09:41:00,-24601.0-3763.0j
2016-02-01 09:42:00,-24808.0-3796.0j
2016-02-01 09:43:00,-25211.0-3883.0j
2016-02-01 09:44:00,-25810.0-3975.0j
2016-02-01 09:45:00,-26212.0-4037.0j
2016-02-01 09:46:00,-26552.0-4089.0j
2016-02-01 09:47:00,-27161.0-4209.0j
2016-02-01 09:48:00,-27368.0-4242.0j
2016-02-01 09:49:00,-27575.0-4274.0j
2016-02-01 09:50:00,-28367.0-4425.0j
2016-02-01 09:51:00,-28506.0-4447.0j
2016-02-01 09:52:00,-29103.0-4540.0j
2016-02-01 09:53:00,-29698.0-4633.0j
2016-02-01 09:54:00,-29904.0-4696.0j
2016-02-01 09:55:00,-30696.0-4819.0j
2016-02-01 09:56:00,-30316.0-4759.0j
2016-02-01 09:57:00,-30060.0-4720.0j
2016-02-01 09:58:00,-30070.0-4751.0j
2016-02-01 09:59:00,-29497.0-4661.0j
2016-02-01 10:00:00,-29118.0-4601.0j
2016-02-01 10:01:00,-28933.0-4572.0j
2016-02-01 10:02:00,-28555.0-4512.0j
2016-02-01 10:03:00,-28760.0-4544.0j
2016-02-01 10:04:00,-28120.0-4471.0j
2016-02-01 10:05:00,-28702.0-4563.0j
2016-02-01 10:06:00,-29684.0-4720.0j
2016-02-01 10:07:00,-29890.0-4753.0j
2016-02-01 10:08:00,-31260.0-4971.0j
2016-02-01 10:09:00,-33019.0-5250.0j
2016-02-01 10:10:00,-33991.0-5404.0j
2016-02-01 10:11:00,-34889.0-5547.0j
2016-02-01 10:12:00,-36645.0-5827.0j
2016-02-01 10:13:00,-37420.0-5950.0j
2016-02-01 10:14:00,-37624.0-5982.0j
2016-02-01 10:15:00,-37829.0-6015.0j
2016-02-01 10:16:00,-38022.0-6046.0j
2016-02-01 10:17:00,-38228.0-6078.0j
2016-02-01 10:18:00,-38614.0-6140.0j
2016-02-01 10:19:00,-38818.0-6172.0j
2016-02-01 10:20:00,-38930.0-6190.0j
2016-02-01 10:21:00,-39124.0-6221.0j
2016-02-01 10:22:00,-39327.0-6254.0j
2016-02-01 10:23:00,-39522.0-6284.0j
2016-02-01 10:24:00,-39726.0-6317.0j
2016-02-01 10:25:00,-39920.0-6346.0j
2016-02-01 10:26:00,-39726.0-6317.0j
2016-02-01 10:27:00,-39735.0-6318.0j
2016-02-01 10:28:00,-39542.0-6288.0j
2016-02-01 10:29:00,-39359.0-6257.0j
2016-02-01 10:30:00,-38198.0-6075.0j
2016-02-01 10:31:00,-37336.0-5936.0j
2016-02-01 10:32:00,-35225.0-5601.0j
2016-02-01 10:33:00,-32909.0-5233.0j
2016-02-01 10:34:00,-28859.0-4588.0j
2016-02-01 10:35:00,-23650.0-3761.0j
2016-02-01 10:36:00,-22504.0-3578.0j
2016-02-01 10:37:00,-18451.0-2934.0j
2016-02-01 10:38:00,-12664.0-2014.0j
2016-02-01 10:39:00,-12085.0-1922.0j
2016-02-01 10:40:00,-14207.0-2259.0j
2016-02-01 10:41:00,-15376.0-2445.0j
2016-02-01 10:42:00,-16726.0-2659.0j
2016-02-01 10:43:00,-18847.0-2997.0j
2016-02-01 10:44:00,-22128.0-3519.0j
2016-02-01 10:45:00,-25986.0-4131.0j
2016-02-01 10:46:00,-30158.0-4795.0j
2016-02-01 10:47:00,-34584.0-5499.0j
2016-02-01 10:48:00,-37086.0-5897.0j
2016-02-01 10:49:00,-37086.0-5897.0j
2016-02-01 10:50:00,-37470.0-5958.0j
2016-02-01 10:51:00,-37855.0-6056.0j
2016-02-01 10:52:00,-38626.0-6180.0j
2016-02-01 10:53:00,-38818.0-6211.0j
2016-02-01 10:54:00,-39588.0-6333.0j
2016-02-01 10:55:00,-39972.0-6396.0j
2016-02-01 10:56:00,-37855.0-6056.0j
2016-02-01 10:57:00,-35728.0-5716.0j
2016-02-01 10:58:00,-33226.0-5350.0j
2016-02-01 10:59:00,-30532.0-4916.0j
2016-02-01 11:00:00,-28031.0-4514.0j
2016-02-01 11:01:00,-25336.0-4078.0j
2016-02-01 11:02:00,-22834.0-3677.0j
2016-02-01 11:03:00,-19937.0-3230.0j
2016-02-01 11:04:00,-17242.0-2792.0j
2016-02-01 11:05:00,-14741.0-2388.0j
2016-02-01 11:06:00,-14548.0-2371.0j
2016-02-01 11:07:00,-14537.0-2369.0j
2016-02-01 11:08:00,-14537.0-2369.0j
2016-02-01 11:09:00,-14537.0-2384.0j
2016-02-01 11:10:00,-15489.0-2540.0j
2016-02-01 11:11:00,-15489.0-2540.0j
2016-02-01 11:12:00,-15681.0-2589.0j
2016-02-01 11:13:00,-15681.0-2589.0j
2016-02-01 11:14:00,-17789.0-2954.0j
2016-02-01 11:15:00,-17596.0-2921.0j
2016-02-01 11:16:00,-17789.0-2970.0j
2016-02-01 11:17:00,-19895.0-3322.0j
2016-02-01 11:18:00,-19895.0-3342.0j
2016-02-01 11:19:00,-20087.0-3375.0j
2016-02-01 11:20:00,-20087.0-3395.0j
2016-02-01 11:21:00,-22195.0-3750.0j
2016-02-01 11:22:00,-22195.0-3773.0j
2016-02-01 11:23:00,-22386.0-3806.0j
2016-02-01 11:24:00,-22386.0-3829.0j
2016-02-01 11:25:00,-25069.0-4287.0j
2016-02-01 11:26:00,-25263.0-4345.0j
2016-02-01 11:27:00,-25648.0-4438.0j
2016-02-01 11:28:00,-26032.0-4504.0j
2016-02-01 11:29:00,-28919.0-5031.0j
2016-02-01 11:30:00,-29497.0-5161.0j
2016-02-01 11:31:00,-31035.0-5431.0j
2016-02-01 11:32:00,-34115.0-6004.0j
2016-02-01 11:33:00,-36030.0-6377.0j
2016-02-01 11:34:00,-37763.0-6684.0j
2016-02-01 11:35:00,-38531.0-6858.0j
2016-02-01 11:36:00,-38350.0-6864.0j
2016-02-01 11:37:00,-38541.0-6938.0j
2016-02-01 11:38:00,-38350.0-6902.0j
2016-02-01 11:39:00,-38735.0-7011.0j
2016-02-01 11:40:00,-39696.0-7226.0j
2016-02-01 11:41:00,-41043.0-7510.0j
2016-02-01 11:42:00,-41053.0-7554.0j
2016-02-01 11:43:00,-42208.0-7809.0j
2016-02-01 11:44:00,-42593.0-7881.0j
2016-02-01 11:45:00,-42603.0-7924.0j
2016-02-01 11:46:00,-42413.0-7931.0j
2016-02-01 11:47:00,-42220.0-7937.0j
2016-02-01 11:48:00,-42422.0-8017.0j
2016-02-01 11:49:00,-42422.0-8060.0j
2016-02-01 11:50:00,-42626.0-8141.0j
2016-02-01 11:51:00,-42828.0-8224.0j
2016-02-01 11:52:00,-43020.0-8302.0j
2016-02-01 11:53:00,-43800.0-8498.0j
2016-02-01 11:54:00,-44197.0-8617.0j
2016-02-01 11:55:00,-45361.0-8892.0j
2016-02-01 11:56:00,-45564.0-8976.0j
2016-02-01 11:57:00,-45190.0-8947.0j
2016-02-01 11:58:00,-42699.0-8496.0j
2016-02-01 11:59:00,-42131.0-8426.0j
2016-02-01 12:00:00,-38676.0-7775.0j
2016-02-01 12:01:00,-35032.0-7076.0j
2016-02-01 12:02:00,-32540.0-6606.0j
2016-02-01 12:03:00,-26595.0-5426.0j
2016-02-01 12:04:00,-23334.0-4783.0j
2016-02-01 12:05:00,-19505.0-4038.0j
2016-02-01 12:06:00,-17592.0-3659.0j
2016-02-01 12:07:00,-22231.0-4647.0j
2016-02-01 12:08:00,-24167.0-5075.0j
2016-02-01 12:09:00,-21493.0-4535.0j
2016-02-01 12:10:00,-19011.0-4030.0j
2016-02-01 12:11:00,-14789.0-3150.0j
2016-02-01 12:12:00,-10575.0-2273.0j
2016-02-01 12:13:00,-9442.0-2039.0j
2016-02-01 12:14:00,-9656.0-2094.0j
2016-02-01 12:15:00,-9474.0-2065.0j
2016-02-01 12:16:00,-9302.0-2037.0j
2016-02-01 12:17:00,-10477.0-2315.0j
2016-02-01 12:18:00,-10498.0-2330.0j
2016-02-01 12:19:00,-12828.0-2860.0j
2016-02-01 12:20:00,-14966.0-3353.0j
2016-02-01 12:21:00,-18067.0-4065.0j
2016-02-01 12:22:00,-24054.0-5460.0j
2016-02-01 12:23:00,-26576.0-6059.0j
2016-02-01 12:24:00,-31408.0-7193.0j
2016-02-01 12:25:00,-32765.0-7536.0j
2016-02-01 12:26:00,-34435.0-7954.0j
2016-02-01 12:27:00,-36568.0-8484.0j
2016-02-01 12:28:00,-35244.0-8247.0j
2016-02-01 12:29:00,-33347.0-7837.0j
2016-02-01 12:30:00,-25303.0-5971.0j
2016-02-01 12:31:00,-20716.0-4910.0j
2016-02-01 12:32:00,-16321.0-3885.0j
2016-02-01 12:33:00,-10774.0-2576.0j
2016-02-01 12:34:00,-8097.0-1951.0j
2016-02-01 12:35:00,-4471.0-1082.0j
2016-02-01 12:36:00,-4875.0-1185.0j
2016-02-01 12:37:00,-4897.0-1194.0j
2016-02-01 12:38:00,-4715.0-1155.0j
2016-02-01 12:39:00,-2240.0-552.0j
2016-02-01 12:40:00,-1684.0-416.0j
2016-02-01 12:41:00,-1310.0-325.0j
2016-02-01 12:42:00,-949.0-236.0j
2016-02-01 12:43:00,-958.0-240.0j
2016-02-01 12:44:00,-978.0-246.0j
2016-02-01 12:45:00,-990.0-250.0j
2016-02-01 12:46:00,-627.0-158.0j
2016-02-01 12:47:00,-1213.0-308.0j
2016-02-01 12:48:00,-1607.0-410.0j
2016-02-01 12:49:00,-2193.0-563.0j
2016-02-01 12:50:00,-3356.0-862.0j
2016-02-01 12:51:00,-4133.0-1066.0j
2016-02-01 12:52:00,-4145.0-1074.0j
2016-02-01 12:53:00,-4539.0-1180.0j
2016-02-01 12:54:00,-4741.0-1238.0j
2016-02-01 12:55:00,-5137.0-1341.0j
2016-02-01 12:56:00,-8783.0-2301.0j
2016-02-01 12:57:00,-10714.0-2818.0j
2016-02-01 12:58:00,-15513.0-4096.0j
2016-02-01 12:59:00,-16484.0-4352.0j
2016-02-01 13:00:00,-17251.0-4572.0j
2016-02-01 13:01:00,-17444.0-4640.0j
2016-02-01 13:02:00,-12835.0-3415.0j
2016-02-01 13:03:00,-11492.0-3067.0j
2016-02-01 13:04:00,-8997.0-2402.0j
2016-02-01 13:05:00,-6885.0-1846.0j
2016-02-01 13:06:00,-5348.0-1439.0j
2016-02-01 13:07:00,-4965.0-1336.0j
2016-02-01 13:08:00,-5531.0-1493.0j
2016-02-01 13:09:00,-6682.0-1804.0j
2016-02-01 13:10:00,-7440.0-2016.0j
2016-02-01 13:11:00,-9349.0-2534.0j
2016-02-01 13:12:00,-10118.0-2742.0j
2016-02-01 13:13:00,-11644.0-3168.0j
2016-02-01 13:14:00,-12016.0-3268.0j
2016-02-01 13:15:00,-13158.0-3579.0j
2016-02-01 13:16:00,-14875.0-4060.0j
2016-02-01 13:17:00,-14673.0-4005.0j
2016-02-01 13:18:00,-15815.0-4318.0j
2016-02-01 13:19:00,-13693.0-3753.0j
2016-02-01 13:20:00,-13106.0-3591.0j
2016-02-01 13:21:00,-11367.0-3114.0j
2016-02-01 13:22:00,-10230.0-2803.0j
2016-02-01 13:23:00,-10209.0-2798.0j
2016-02-01 13:24:00,-10197.0-2804.0j
2016-02-01 13:25:00,-9791.0-2692.0j
2016-02-01 13:26:00,-10167.0-2796.0j
2016-02-01 13:27:00,-10349.0-2846.0j
2016-02-01 13:28:00,-9942.0-2735.0j
2016-02-01 13:29:00,-10318.0-2837.0j
2016-02-01 13:30:00,-10489.0-2885.0j
2016-02-01 13:31:00,-11238.0-3090.0j
2016-02-01 13:32:00,-11805.0-3246.0j
2016-02-01 13:33:00,-12939.0-3571.0j
2016-02-01 13:34:00,-12340.0-3406.0j
2016-02-01 13:35:00,-14061.0-3881.0j
2016-02-01 13:36:00,-16158.0-4459.0j
2016-02-01 13:37:00,-15175.0-4188.0j
2016-02-01 13:38:00,-16897.0-4663.0j
2016-02-01 13:39:00,-19762.0-5455.0j
2016-02-01 13:40:00,-19596.0-5389.0j
2016-02-01 13:41:00,-22855.0-6285.0j
2016-02-01 13:42:00,-22458.0-6176.0j
2016-02-01 13:43:00,-24173.0-6648.0j
2016-02-01 13:44:00,-23574.0-6483.0j
2016-02-01 13:45:00,-23360.0-6424.0j
2016-02-01 13:46:00,-23157.0-6368.0j
2016-02-01 13:47:00,-22750.0-6256.0j
2016-02-01 13:48:00,-22536.0-6198.0j
2016-02-01 13:49:00,-21936.0-6033.0j
2016-02-01 13:50:00,-22312.0-6135.0j
2016-02-01 13:51:00,-22484.0-6159.0j
2016-02-01 13:52:00,-23041.0-6313.0j
2016-02-01 13:53:00,-23995.0-6575.0j
2016-02-01 13:54:00,-24999.0-6850.0j
2016-02-01 13:55:00,-25763.0-7060.0j
2016-02-01 13:56:00,-24193.0-6629.0j
2016-02-01 13:57:00,-22625.0-6200.0j
2016-02-01 13:58:00,-19715.0-5381.0j
2016-02-01 13:59:00,-17181.0-4691.0j
2016-02-01 14:00:00,-13302.0-3631.0j
2016-02-01 14:01:00,-10776.0-2942.0j
2016-02-01 14:02:00,-6309.0-1722.0j
2016-02-01 14:03:00,-4751.0-1293.0j
2016-02-01 14:04:00,-2808.0-764.0j
2016-02-01 14:05:00,-1626.0-442.0j
2016-02-01 14:06:00,-1813.0-494.0j
2016-02-01 14:07:00,-1609.0-439.0j
2016-02-01 14:08:00,-1404.0-382.0j
2016-02-01 14:09:00,-1199.0-325.0j
2016-02-01 14:10:00,-801.0-218.0j
2016-02-01 14:11:00,-6.0-2.0j
2016-02-01 14:12:00,199.0+54.0j
2016-02-01 14:13:00,791.0+214.0j
2016-02-01 14:14:00,995.0+269.0j
2016-02-01 14:15:00,1199.0+324.0j
2016-02-01 14:16:00,1210.0+327.0j
2016-02-01 14:17:00,1613.0+435.0j
2016-02-01 14:18:00,1817.0+490.0j
2016-02-01 14:19:00,1827.0+494.0j
2016-02-01 14:20:00,1838.0+495.0j
2016-02-01 14:21:00,1653.0+446.0j
2016-02-01 14:22:00,1470.0+395.0j
2016-02-01 14:23:00,1482.0+399.0j
2016-02-01 14:24:00,1093.0+295.0j
2016-02-01 14:25:00,1104.0+297.0j
2016-02-01 14:26:00,-1023.0-275.0j
2016-02-01 14:27:00,-2379.0-638.0j
2016-02-01 14:28:00,-1394.0-373.0j
2016-02-01 14:29:00,-2162.0-579.0j
2016-02-01 14:30:00,185.0+49.0j
2016-02-01 14:31:00,1170.0+312.0j
2016-02-01 14:32:00,2543.0+682.0j
2016-02-01 14:33:00,4890.0+1306.0j
2016-02-01 14:34:00,7239.0+1934.0j
2016-02-01 14:35:00,9023.0+2410.0j
2016-02-01 14:36:00,9033.0+2412.0j
2016-02-01 14:37:00,9045.0+2415.0j
2016-02-01 14:38:00,9250.0+2470.0j
2016-02-01 14:39:00,8881.0+2371.0j
2016-02-01 14:40:00,8695.0+2322.0j
2016-02-01 14:41:00,8316.0+2221.0j
2016-02-01 14:42:00,8130.0+2170.0j
2016-02-01 14:43:00,7966.0+2119.0j
2016-02-01 14:44:00,7986.0+2124.0j
2016-02-01 14:45:00,7997.0+2127.0j
2016-02-01 14:46:00,7813.0+2079.0j
2016-02-01 14:47:00,7824.0+2081.0j
2016-02-01 14:48:00,7453.0+1983.0j
2016-02-01 14:49:00,7073.0+1881.0j
2016-02-01 14:50:00,6325.0+1683.0j
2016-02-01 14:51:00,5748.0+1529.0j
2016-02-01 14:52:00,5181.0+1378.0j
2016-02-01 14:53:00,5584.0+1485.0j
2016-02-01 14:54:00,5017.0+1335.0j
2016-02-01 14:55:00,5235.0+1398.0j
2016-02-01 14:56:00,4657.0+1242.0j
2016-02-01 14:57:00,4098.0+1094.0j
2016-02-01 14:58:00,3924.0+1048.0j
2016-02-01 14:59:00,3748.0+1000.0j
2016-02-01 15:00:00,3377.0+902.0j
2016-02-01 15:01:00,3987.0+1065.0j
2016-02-01 15:02:00,3419.0+913.0j
2016-02-01 15:03:00,3244.0+867.0j
2016-02-01 15:04:00,3076.0+824.0j
2016-02-01 15:05:00,3305.0+886.0j
2016-02-01 15:06:00,4312.0+1155.0j
2016-02-01 15:07:00,3940.0+1055.0j
2016-02-01 15:08:00,5153.0+1381.0j
2016-02-01 15:09:00,5569.0+1493.0j
2016-02-01 15:10:00,6404.0+1724.0j
2016-02-01 15:11:00,7425.0+1996.0j
2016-02-01 15:12:00,7446.0+2004.0j
2016-02-01 15:13:00,8071.0+2170.0j
2016-02-01 15:14:00,8300.0+2233.0j
2016-02-01 15:15:00,8549.0+2309.0j
2016-02-01 15:16:00,9176.0+2478.0j
2016-02-01 15:17:00,9209.0+2486.0j
2016-02-01 15:18:00,9835.0+2655.0j
2016-02-01 15:19:00,9877.0+2667.0j
2016-02-01 15:20:00,9909.0+2676.0j
2016-02-01 15:21:00,9370.0+2529.0j
2016-02-01 15:22:00,9610.0+2604.0j
2016-02-01 15:23:00,9047.0+2452.0j
2016-02-01 15:24:00,9290.0+2517.0j
2016-02-01 15:25:00,8737.0+2369.0j
2016-02-01 15:26:00,6994.0+1895.0j
2016-02-01 15:27:00,5054.0+1370.0j
2016-02-01 15:28:00,3506.0+950.0j
2016-02-01 15:29:00,1770.0+479.0j
2016-02-01 15:30:00,-177.0-48.0j
2016-02-01 15:31:00,-2122.0-574.0j
2016-02-01 15:32:00,-5461.0-1480.0j
2016-02-01 15:33:00,-6216.0-1685.0j
2016-02-01 15:34:00,-8965.0-2420.0j
2016-02-01 15:35:00,-10904.0-2944.0j
2016-02-01 15:36:00,-10651.0-2875.0j
2016-02-01 15:37:00,-10197.0-2754.0j
2016-02-01 15:38:00,-9157.0-2472.0j
2016-02-01 15:39:00,-8705.0-2341.0j
2016-02-01 15:40:00,-7461.0-2006.0j
2016-02-01 15:41:00,-6807.0-1831.0j
2016-02-01 15:42:00,-6153.0-1648.0j
2016-02-01 15:43:00,-5489.0-1472.0j
2016-02-01 15:44:00,-5235.0-1398.0j
2016-02-01 15:45:00,-4970.0-1327.0j
2016-02-01 15:46:00,-4905.0-1305.0j
2016-02-01 15:47:00,-4661.0-1235.0j
2016-02-01 15:48:00,-4395.0-1164.0j
2016-02-01 15:49:00,-4531.0-1197.0j
2016-02-01 15:50:00,-4254.0-1118.0j
2016-02-01 15:51:00,-4389.0-1155.0j
2016-02-01 15:52:00,-4123.0-1081.0j
2016-02-01 15:53:00,-4049.0-1056.0j
2016-02-01 15:54:00,-4172.0-1084.0j
2016-02-01 15:55:00,-4116.0-1066.0j
2016-02-01 15:56:00,-4040.0-1042.0j
2016-02-01 15:57:00,-4365.0-1122.0j
2016-02-01 15:58:00,-4087.0-1047.0j
2016-02-01 15:59:00,-4201.0-1066.0j
2016-02-01 16:00:00,-3924.0-993.0j
2016-02-01 16:01:00,-3246.0-819.0j
2016-02-01 16:02:00,-3359.0-840.0j
2016-02-01 16:03:00,-3272.0-815.0j
2016-02-01 16:04:00,-2583.0-639.0j
2016-02-01 16:05:00,-2295.0-565.0j
2016-02-01 16:06:00,-1806.0-441.0j
2016-02-01 16:07:00,-1117.0-269.0j
2016-02-01 16:08:00,-630.0-152.0j
2016-02-01 16:09:00,62.0+14.0j
2016-02-01 16:10:00,563.0+133.0j
2016-02-01 16:11:00,1253.0+295.0j
2016-02-01 16:12:00,1351.0+316.0j
2016-02-01 16:13:00,2244.0+521.0j
2016-02-01 16:14:00,2744.0+631.0j
2016-02-01 16:15:00,3234.0+738.0j
2016-02-01 16:16:00,3735.0+844.0j
2016-02-01 16:17:00,4237.0+949.0j
2016-02-01 16:18:00,4334.0+963.0j
2016-02-01 16:19:00,4835.0+1063.0j
2016-02-01 16:20:00,5325.0+1162.0j
2016-02-01 16:21:00,6026.0+1303.0j
2016-02-01 16:22:00,6528.0+1397.0j
2016-02-01 16:23:00,7029.0+1490.0j
2016-02-01 16:24:00,7328.0+1539.0j
2016-02-01 16:25:00,7427.0+1545.0j
2016-02-01 16:26:00,7927.0+1633.0j
2016-02-01 16:27:00,8226.0+1679.0j
2016-02-01 16:28:00,8123.0+1640.0j
2016-02-01 16:29:00,8412.0+1683.0j
2016-02-01 16:30:00,8310.0+1646.0j
2016-02-01 16:31:00,9212.0+1805.0j
2016-02-01 16:32:00,9311.0+1806.0j
2016-02-01 16:33:00,9208.0+1768.0j
2016-02-01 16:34:00,9093.0+1728.0j
2016-02-01 16:35:00,8790.0+1661.0j
2016-02-01 16:36:00,8878.0+1660.0j
2016-02-01 16:37:00,8976.0+1661.0j
2016-02-01 16:38:00,9466.0+1731.0j
2016-02-01 16:39:00,9764.0+1768.0j
2016-02-01 16:40:00,10255.0+1846.0j
2016-02-01 16:41:00,10542.0+1877.0j
2016-02-01 16:42:00,10831.0+1917.0j
2016-02-01 16:43:00,11321.0+1982.0j
2016-02-01 16:44:00,11611.0+2020.0j
2016-02-01 16:45:00,11497.0+1978.0j
2016-02-01 16:46:00,11382.0+1947.0j
2016-02-01 16:47:00,11470.0+1938.0j
2016-02-01 16:48:00,11775.0+1978.0j
2016-02-01 16:49:00,11850.0+1979.0j
2016-02-01 16:50:00,11334.0+1882.0j
2016-02-01 16:51:00,11208.0+1849.0j
2016-02-01 16:52:00,10883.0+1784.0j
2016-02-01 16:53:00,10353.0+1688.0j
2016-02-01 16:54:00,9814.0+1591.0j
2016-02-01 16:55:00,11706.0+1885.0j
2016-02-01 16:56:00,14595.0+2349.0j
2016-02-01 16:57:00,16476.0+2636.0j
2016-02-01 16:58:00,18358.0+2936.0j
2016-02-01 16:59:00,32944.0+5237.0j
2016-02-01 17:00:00,33009.0+5248.0j
2016-02-01 17:01:00,33064.0+5257.0j
2016-02-01 17:02:00,33129.0+5268.0j
2016-02-01 17:03:00,33184.0+5277.0j
2016-02-01 17:04:00,33239.0+5285.0j
2016-02-01 17:05:00,33294.0+5293.0j
2016-02-01 17:06:00,33338.0+5300.0j
2016-02-01 17:07:00,33392.0+5310.0j
2016-02-01 17:08:00,33513.0+5362.0j
2016-02-01 17:09:00,33556.0+5368.0j
2016-02-01 17:10:00,33601.0+5409.0j
2016-02-01 17:11:00,33645.0+5416.0j
2016-02-01 17:12:00,33689.0+5457.0j
2016-02-01 17:13:00,33722.0+5496.0j
2016-02-01 17:14:00,33755.0+5536.0j
2016-02-01 17:15:00,33798.0+5578.0j
2016-02-01 17:16:00,33831.0+5582.0j
2016-02-01 17:17:00,33853.0+5621.0j
2016-02-01 17:18:00,33886.0+5658.0j
2016-02-01 17:19:00,33997.0+5746.0j
2016-02-01 17:20:00,34019.0+5783.0j
2016-02-01 17:21:00,34052.0+5822.0j
2016-02-01 17:22:00,34073.0+5860.0j
2016-02-01 17:23:00,34095.0+5898.0j
2016-02-01 17:24:00,34118.0+5971.0j
2016-02-01 17:25:00,34140.0+6009.0j
2016-02-01 17:26:00,34162.0+6047.0j
2016-02-01 17:27:00,34173.0+6116.0j
2016-02-01 17:28:00,34272.0+6169.0j
2016-02-01 17:29:00,34284.0+6241.0j
2016-02-01 17:30:00,34294.0+6276.0j
2016-02-01 17:31:00,34317.0+6349.0j
2016-02-01 17:32:00,34328.0+6385.0j
2016-02-01 17:33:00,34340.0+6455.0j
2016-02-01 17:34:00,34340.0+6524.0j
2016-02-01 17:35:00,34350.0+6561.0j
2016-02-01 17:36:00,34361.0+6632.0j
2016-02-01 17:37:00,34438.0+6681.0j
2016-02-01 17:38:00,34451.0+6752.0j
2016-02-01 17:39:00,34451.0+6820.0j
2016-02-01 17:40:00,34461.0+6857.0j
2016-02-01 17:41:00,34461.0+6926.0j
2016-02-01 17:42:00,34461.0+6961.0j
2016-02-01 17:43:00,34461.0+7029.0j
2016-02-01 17:44:00,34461.0+7099.0j
2016-02-01 17:45:00,34461.0+7132.0j
2016-02-01 17:46:00,34539.0+7219.0j
2016-02-01 17:47:00,34539.0+7253.0j
2016-02-01 17:48:00,34539.0+7322.0j
2016-02-01 17:49:00,34528.0+7355.0j
2016-02-01 17:50:00,34528.0+7424.0j
2016-02-01 17:51:00,34528.0+7459.0j
2016-02-01 17:52:00,34516.0+7525.0j
2016-02-01 17:53:00,34516.0+7559.0j
2016-02-01 17:54:00,34506.0+7626.0j
2016-02-01 17:55:00,34584.0+7676.0j
2016-02-01 17:56:00,34573.0+7709.0j
2016-02-01 17:57:00,34562.0+7742.0j
2016-02-01 17:58:00,34562.0+7810.0j
2016-02-01 17:59:00,34551.0+7842.0j
2016-02-01 18:00:00,34540.0+7875.0j
2016-02-01 18:01:00,34528.0+7907.0j
2016-02-01 18:02:00,34517.0+7938.0j
2016-02-01 18:03:00,34517.0+7973.0j
2016-02-01 18:04:00,34506.0+8005.0j
2016-02-01 18:05:00,34495.0+8038.0j
2016-02-01 18:06:00,34484.0+8069.0j
2016-02-01 18:07:00,34551.0+8120.0j
2016-02-01 18:08:00,34540.0+8117.0j
2016-02-01 18:09:00,34528.0+8149.0j
2016-02-01 18:10:00,34517.0+8180.0j
2016-02-01 18:11:00,34506.0+8178.0j
2016-02-01 18:12:00,34495.0+8210.0j
2016-02-01 18:13:00,34484.0+8206.0j
2016-02-01 18:14:00,34461.0+8237.0j
2016-02-01 18:15:00,34451.0+8234.0j
2016-02-01 18:16:00,34440.0+8266.0j
2016-02-01 18:17:00,34429.0+8262.0j
2016-02-01 18:18:00,34418.0+8294.0j
2016-02-01 18:19:00,34395.0+8289.0j
2016-02-01 18:20:00,34384.0+8286.0j
2016-02-01 18:21:00,34373.0+8283.0j
2016-02-01 18:22:00,34362.0+8315.0j
2016-02-01 18:23:00,34340.0+8310.0j
2016-02-01 18:24:00,34328.0+8307.0j
2016-02-01 18:25:00,34317.0+8305.0j
2016-02-01 18:26:00,34295.0+8300.0j
2016-02-01 18:27:00,34284.0+8296.0j
2016-02-01 18:28:00,34340.0+8345.0j
2016-02-01 18:29:00,34328.0+8342.0j
2016-02-01 18:30:00,34305.0+8337.0j
2016-02-01 18:31:00,34294.0+8334.0j
2016-02-01 18:32:00,34282.0+8330.0j
2016-02-01 18:33:00,34260.0+8326.0j
2016-02-01 18:34:00,34249.0+8323.0j
2016-02-01 18:35:00,34226.0+8282.0j
2016-02-01 18:36:00,34203.0+8278.0j
2016-02-01 18:37:00,34193.0+8274.0j
2016-02-01 18:38:00,34170.0+8269.0j
2016-02-01 18:39:00,34160.0+8267.0j
2016-02-01 18:40:00,34137.0+8261.0j
2016-02-01 18:41:00,34127.0+8259.0j
2016-02-01 18:42:00,34105.0+8253.0j
2016-02-01 18:43:00,34081.0+8214.0j
2016-02-01 18:44:00,34070.0+8212.0j
2016-02-01 18:45:00,34049.0+8206.0j
2016-02-01 18:46:00,34026.0+8201.0j
2016-02-01 18:47:00,33939.0+8179.0j
2016-02-01 18:48:00,33915.0+8140.0j
2016-02-01 18:49:00,33893.0+8135.0j
2016-02-01 18:50:00,33882.0+8131.0j
2016-02-01 18:51:00,33860.0+8126.0j
2016-02-01 18:52:00,33838.0+8122.0j
2016-02-01 18:53:00,33816.0+8082.0j
2016-02-01 18:54:00,33805.0+8080.0j
2016-02-01 18:55:00,33782.0+8074.0j
2016-02-01 18:56:00,33760.0+8068.0j
2016-02-01 18:57:00,33739.0+8063.0j
2016-02-01 18:58:00,33727.0+8027.0j
2016-02-01 18:59:00,33705.0+8022.0j
2016-02-01 19:00:00,33682.0+8017.0j
2016-02-01 19:01:00,33660.0+8012.0j
2016-02-01 19:02:00,33638.0+8006.0j
2016-02-01 19:03:00,33626.0+7970.0j
2016-02-01 19:04:00,33605.0+7964.0j
2016-02-01 19:05:00,33583.0+7959.0j
2016-02-01 19:06:00,33561.0+7954.0j
2016-02-01 19:07:00,33537.0+7949.0j
2016-02-01 19:08:00,33515.0+7943.0j
2016-02-01 19:09:00,33429.0+7924.0j
2016-02-01 19:10:00,33406.0+7917.0j
2016-02-01 19:11:00,33384.0+7879.0j
2016-02-01 19:12:00,33362.0+7873.0j
2016-02-01 19:13:00,33341.0+7869.0j
2016-02-01 19:14:00,33319.0+7863.0j
2016-02-01 19:15:00,33295.0+7859.0j
2016-02-01 19:16:00,33273.0+7853.0j
2016-02-01 19:17:00,33262.0+7851.0j
2016-02-01 19:18:00,33240.0+7846.0j
2016-02-01 19:19:00,33218.0+7840.0j
2016-02-01 19:20:00,33196.0+7834.0j
2016-02-01 19:21:00,33174.0+7828.0j
2016-02-01 19:22:00,33078.0+7806.0j
2016-02-01 19:23:00,33055.0+7801.0j
2016-02-01 19:24:00,33034.0+7796.0j
2016-02-01 19:25:00,33011.0+7758.0j
2016-02-01 19:26:00,32989.0+7752.0j
2016-02-01 19:27:00,32956.0+7745.0j
2016-02-01 19:28:00,32934.0+7739.0j
2016-02-01 19:29:00,32911.0+7735.0j
2016-02-01 19:30:00,32889.0+7729.0j
2016-02-01 19:31:00,32867.0+7724.0j
2016-02-01 19:32:00,32845.0+7717.0j
2016-02-01 19:33:00,32823.0+7713.0j
2016-02-01 19:34:00,32727.0+7690.0j
2016-02-01 19:35:00,32694.0+7682.0j
2016-02-01 19:36:00,32671.0+7676.0j
2016-02-01 19:37:00,32648.0+7704.0j
2016-02-01 19:38:00,32626.0+7700.0j
2016-02-01 19:39:00,32593.0+7693.0j
2016-02-01 19:40:00,32571.0+7687.0j
2016-02-01 19:41:00,32550.0+7682.0j
2016-02-01 19:42:00,32517.0+7674.0j
2016-02-01 19:43:00,32494.0+7669.0j
2016-02-01 19:44:00,32472.0+7663.0j
2016-02-01 19:45:00,32439.0+7655.0j
2016-02-01 19:46:00,32417.0+7650.0j
2016-02-01 19:47:00,32384.0+7641.0j
2016-02-01 19:48:00,32362.0+7638.0j
2016-02-01 19:49:00,32254.0+7612.0j
2016-02-01 19:50:00,32232.0+7606.0j
2016-02-01 19:51:00,32199.0+7599.0j
2016-02-01 19:52:00,32177.0+7594.0j
2016-02-01 19:53:00,32144.0+7586.0j
2016-02-01 19:54:00,32111.0+7578.0j
2016-02-01 19:55:00,32089.0+7606.0j
2016-02-01 19:56:00,32056.0+7597.0j
2016-02-01 19:57:00,32023.0+7590.0j
2016-02-01 19:58:00,32000.0+7584.0j
2016-02-01 19:59:00,31968.0+7576.0j
2016-02-01 20:00:00,31935.0+7569.0j
2016-02-01 20:01:00,31902.0+7561.0j
2016-02-01 20:02:00,31869.0+7553.0j
2016-02-01 20:03:00,31836.0+7545.0j
2016-02-01 20:04:00,31814.0+7541.0j
2016-02-01 20:05:00,31781.0+7532.0j
2016-02-01 20:06:00,31749.0+7556.0j
2016-02-01 20:07:00,31716.0+7549.0j
2016-02-01 20:08:00,31682.0+7541.0j
2016-02-01 20:09:00,31638.0+7530.0j
2016-02-01 20:10:00,31605.0+7521.0j
2016-02-01 20:11:00,31572.0+7514.0j
2016-02-01 20:12:00,31539.0+7506.0j
2016-02-01 20:13:00,31505.0+7497.0j
2016-02-01 20:14:00,31473.0+7491.0j
2016-02-01 20:15:00,31428.0+7510.0j
2016-02-01 20:16:00,31395.0+7503.0j
2016-02-01 20:17:00,31363.0+7495.0j
2016-02-01 20:18:00,31318.0+7486.0j
2016-02-01 20:19:00,31285.0+7477.0j
2016-02-01 20:20:00,31242.0+7467.0j
2016-02-01 20:21:00,31207.0+7459.0j
2016-02-01 20:22:00,31164.0+7448.0j
2016-02-01 20:23:00,31131.0+7440.0j
2016-02-01 20:24:00,31087.0+7461.0j
2016-02-01 20:25:00,31043.0+7450.0j
2016-02-01 20:26:00,31009.0+7442.0j
2016-02-01 20:27:00,30965.0+7432.0j
2016-02-01 20:28:00,30922.0+7420.0j
2016-02-01 20:29:00,30877.0+7410.0j
2016-02-01 20:30:00,30834.0+7399.0j
2016-02-01 20:31:00,30788.0+7389.0j
2016-02-01 20:32:00,30745.0+7410.0j
2016-02-01 20:33:00,30771.0+7415.0j
2016-02-01 20:34:00,30725.0+7405.0j
2016-02-01 20:35:00,30682.0+7394.0j
2016-02-01 20:36:00,30637.0+7384.0j
2016-02-01 20:37:00,30594.0+7372.0j
2016-02-01 20:38:00,30549.0+7362.0j
2016-02-01 20:39:00,30494.0+7350.0j
2016-02-01 20:40:00,30450.0+7370.0j
2016-02-01 20:41:00,30405.0+7359.0j
2016-02-01 20:42:00,30350.0+7344.0j
2016-02-01 20:43:00,30306.0+7334.0j
2016-02-01 20:44:00,30251.0+7321.0j
2016-02-01 20:45:00,30206.0+7309.0j
2016-02-01 20:46:00,30151.0+7296.0j
2016-02-01 20:47:00,30096.0+7283.0j
2016-02-01 20:48:00,30041.0+7300.0j
2016-02-01 20:49:00,29996.0+7289.0j
2016-02-01 20:50:00,29941.0+7276.0j
2016-02-01 20:51:00,29886.0+7263.0j
2016-02-01 20:52:00,29899.0+7266.0j
2016-02-01 20:53:00,29844.0+7252.0j
2016-02-01 20:54:00,29788.0+7239.0j
2016-02-01 20:55:00,29733.0+7226.0j
2016-02-01 20:56:00,29667.0+7239.0j
2016-02-01 20:57:00,29611.0+7226.0j
2016-02-01 20:58:00,29556.0+7211.0j
2016-02-01 20:59:00,29490.0+7195.0j
2016-02-01 21:00:00,29435.0+7183.0j
2016-02-01 21:01:00,29380.0+7168.0j
2016-02-01 21:02:00,29312.0+7152.0j
2016-02-01 21:03:00,29246.0+7136.0j
2016-02-01 21:04:00,29190.0+7122.0j
2016-02-01 21:05:00,29125.0+7135.0j
2016-02-01 21:06:00,29058.0+7119.0j
2016-02-01 21:07:00,28991.0+7103.0j
2016-02-01 21:08:00,28925.0+7087.0j
2016-02-01 21:09:00,28869.0+7073.0j
2016-02-01 21:10:00,28867.0+7073.0j
2016-02-01 21:11:00,28801.0+7056.0j
2016-02-01 21:12:00,28724.0+7038.0j
2016-02-01 21:13:00,28656.0+7021.0j
2016-02-01 21:14:00,28590.0+7033.0j
2016-02-01 21:15:00,28523.0+7017.0j
2016-02-01 21:16:00,28457.0+7000.0j
2016-02-01 21:17:00,28379.0+6981.0j
2016-02-01 21:18:00,28313.0+6965.0j
2016-02-01 21:19:00,28245.0+6949.0j
2016-02-01 21:20:00,28169.0+6929.0j
2016-02-01 21:21:00,28101.0+6913.0j
2016-02-01 21:22:00,28036.0+6925.0j
2016-02-01 21:23:00,27957.0+6905.0j
2016-02-01 21:24:00,27880.0+6886.0j
2016-02-01 21:25:00,27813.0+6870.0j
2016-02-01 21:26:00,27736.0+6850.0j
2016-02-01 21:27:00,27668.0+6834.0j
2016-02-01 21:28:00,27592.0+6815.0j
2016-02-01 21:29:00,27514.0+6795.0j
2016-02-01 21:30:00,27446.0+6807.0j
2016-02-01 21:31:00,27369.0+6787.0j
2016-02-01 21:32:00,27292.0+6769.0j
2016-02-01 21:33:00,27225.0+6752.0j
2016-02-01 21:34:00,27147.0+6732.0j
2016-02-01 21:35:00,27070.0+6714.0j
2016-02-01 21:36:00,26992.0+6695.0j
2016-02-01 21:37:00,26915.0+6701.0j
2016-02-01 21:38:00,26848.0+6684.0j
2016-02-01 21:39:00,26770.0+6666.0j
2016-02-01 21:40:00,26693.0+6646.0j
2016-02-01 21:41:00,26614.0+6627.0j
2016-02-01 21:42:00,26537.0+6608.0j
2016-02-01 21:43:00,26459.0+6615.0j
2016-02-01 21:44:00,26383.0+6595.0j
2016-02-01 21:45:00,26304.0+6576.0j
2016-02-01 21:46:00,26226.0+6556.0j
2016-02-01 21:47:00,26159.0+6540.0j
2016-02-01 21:48:00,26082.0+6521.0j
2016-02-01 21:49:00,26005.0+6527.0j
2016-02-01 21:50:00,25927.0+6508.0j
2016-02-01 21:51:00,25849.0+6488.0j
2016-02-01 21:52:00,25771.0+6469.0j
2016-02-01 21:53:00,25695.0+6449.0j
2016-02-01 21:54:00,25558.0+6440.0j
2016-02-01 21:55:00,25480.0+6421.0j
2016-02-01 21:56:00,25403.0+6401.0j
2016-02-01 21:57:00,25336.0+6385.0j
2016-02-01 21:58:00,25259.0+6391.0j
2016-02-01 21:59:00,25180.0+6371.0j
2016-02-01 22:00:00,25104.0+6352.0j
2016-02-01 22:01:00,25026.0+6331.0j
2016-02-01 22:02:00,24949.0+6311.0j
2016-02-01 22:03:00,24882.0+6320.0j
2016-02-01 22:04:00,24805.0+6301.0j
2016-02-01 22:05:00,24671.0+6266.0j
2016-02-01 22:06:00,24593.0+6270.0j
2016-02-01 22:07:00,24528.0+6255.0j
2016-02-01 22:08:00,24449.0+6235.0j
2016-02-01 22:09:00,24373.0+6215.0j
2016-02-01 22:10:00,24306.0+6222.0j
2016-02-01 22:11:00,24229.0+6202.0j
2016-02-01 22:12:00,24152.0+6183.0j
2016-02-01 22:13:00,24031.0+6152.0j
2016-02-01 22:14:00,23954.0+6157.0j
2016-02-01 22:15:00,23889.0+6140.0j
2016-02-01 22:16:00,23811.0+6119.0j
2016-02-01 22:17:00,23745.0+6126.0j
2016-02-01 22:18:00,23669.0+6107.0j
2016-02-01 22:19:00,23601.0+6089.0j
2016-02-01 22:20:00,23471.0+6078.0j
2016-02-01 22:21:00,23404.0+6062.0j
2016-02-01 22:22:00,23339.0+6044.0j
2016-02-01 22:23:00,23262.0+6025.0j
2016-02-01 22:24:00,23196.0+6031.0j
2016-02-01 22:25:00,23076.0+6000.0j
2016-02-01 22:26:00,23010.0+5982.0j
2016-02-01 22:27:00,22935.0+5986.0j
2016-02-01 22:28:00,22870.0+5968.0j
2016-02-01 22:29:00,22804.0+5952.0j
2016-02-01 22:30:00,22737.0+5934.0j
2016-02-01 22:31:00,22619.0+5925.0j
2016-02-01 22:32:00,22554.0+5910.0j
2016-02-01 22:33:00,22488.0+5892.0j
2016-02-01 22:34:00,22423.0+5898.0j
2016-02-01 22:35:00,22356.0+5880.0j
2016-02-01 22:36:00,22252.0+5852.0j
2016-02-01 22:37:00,22185.0+5857.0j
2016-02-01 22:38:00,22120.0+5839.0j
2016-02-01 22:39:00,22054.0+5822.0j
2016-02-01 22:40:00,21999.0+5808.0j
2016-02-01 22:41:00,21885.0+5800.0j
2016-02-01 22:42:00,21830.0+5784.0j
2016-02-01 22:43:00,21763.0+5767.0j
2016-02-01 22:44:00,21709.0+5754.0j
2016-02-01 22:45:00,21594.0+5744.0j
2016-02-01 22:46:00,21540.0+5730.0j
2016-02-01 22:47:00,21486.0+5716.0j
2016-02-01 22:48:00,21420.0+5698.0j
2016-02-01 22:49:00,21366.0+5704.0j
2016-02-01 22:50:00,21261.0+5678.0j
2016-02-01 22:51:00,21209.0+5662.0j
2016-02-01 22:52:00,21154.0+5648.0j
2016-02-01 22:53:00,21100.0+5655.0j
2016-02-01 22:54:00,20996.0+5627.0j
2016-02-01 22:55:00,20944.0+5613.0j
2016-02-01 22:56:00,20900.0+5601.0j
2016-02-01 22:57:00,20846.0+5587.0j
2016-02-01 22:58:00,20743.0+5580.0j
2016-02-01 22:59:00,20700.0+5568.0j
2016-02-01 23:00:00,20646.0+5554.0j
2016-02-01 23:01:00,20603.0+5543.0j
2016-02-01 23:02:00,20549.0+5527.0j
2016-02-01 23:03:00,20458.0+5504.0j
2016-02-01 23:04:00,20404.0+5510.0j
2016-02-01 23:05:00,20362.0+5498.0j
2016-02-01 23:06:00,20318.0+5485.0j
2016-02-01 23:07:00,20228.0+5461.0j
2016-02-01 23:08:00,20185.0+5449.0j
2016-02-01 23:09:00,20142.0+5438.0j
2016-02-01 23:10:00,20099.0+5427.0j
2016-02-01 23:11:00,20009.0+5422.0j
2016-02-01 23:12:00,19965.0+5411.0j
2016-02-01 23:13:00,19924.0+5400.0j
2016-02-01 23:14:00,19891.0+5390.0j
2016-02-01 23:15:00,19848.0+5379.0j
2016-02-01 23:16:00,19759.0+5355.0j
2016-02-01 23:17:00,19727.0+5346.0j
2016-02-01 23:18:00,19684.0+5335.0j
2016-02-01 23:19:00,19652.0+5325.0j
2016-02-01 23:20:00,19563.0+5303.0j
2016-02-01 23:21:00,19530.0+5292.0j
2016-02-01 23:22:00,19500.0+5284.0j
2016-02-01 23:23:00,19456.0+5272.0j
2016-02-01 23:24:00,19378.0+5270.0j
2016-02-01 23:25:00,19346.0+5262.0j
2016-02-01 23:26:00,19316.0+5255.0j
2016-02-01 23:27:00,19283.0+5245.0j
2016-02-01 23:28:00,19251.0+5237.0j
2016-02-01 23:29:00,19174.0+5215.0j
2016-02-01 23:30:00,19142.0+5207.0j
2016-02-01 23:31:00,19110.0+5198.0j
2016-02-01 23:32:00,19078.0+5189.0j
2016-02-01 23:33:00,19046.0+5181.0j
2016-02-01 23:34:00,18970.0+5159.0j
2016-02-01 23:35:00,18938.0+5151.0j
2016-02-01 23:36:00,18917.0+5146.0j
2016-02-01 23:37:00,18885.0+5137.0j
2016-02-01 23:38:00,18853.0+5128.0j
2016-02-01 23:39:00,18787.0+5111.0j
2016-02-01 23:40:00,18756.0+5102.0j
2016-02-01 23:41:00,18724.0+5093.0j
2016-02-01 23:42:00,18703.0+5086.0j
2016-02-01 23:43:00,18670.0+5079.0j
2016-02-01 23:44:00,18606.0+5061.0j
2016-02-01 23:45:00,18575.0+5052.0j
2016-02-01 23:46:00,18553.0+5047.0j
2016-02-01 23:47:00,18532.0+5041.0j
2016-02-01 23:48:00,18500.0+5033.0j
2016-02-01 23:49:00,18479.0+5026.0j
2016-02-01 23:50:00,18414.0+5008.0j
2016-02-01 23:51:00,18382.0+5018.0j
2016-02-01 23:52:00,18360.0+5013.0j
2016-02-01 23:53:00,18341.0+5007.0j
2016-02-01 23:54:00,18320.0+5001.0j
2016-02-01 23:55:00,18298.0+4995.0j
2016-02-01 23:56:00,18268.0+4987.0j
2016-02-01 23:57:00,18202.0+4969.0j
2016-02-01 23:58:00,18181.0+4963.0j
2016-02-01 23:59:00,18160.0+4958.0j
2016-02-02 00:00:00,18139.0+4952.0j
2016-02-02 00:01:00,18119.0+4947.0j
2016-02-02 00:02:00,18098.0+4940.0j
2016-02-02 00:03:00,18077.0+4935.0j
2016-02-02 00:04:00,18056.0+4930.0j
2016-02-02 00:05:00,17992.0+4912.0j
2016-02-02 00:06:00,17971.0+4906.0j
2016-02-02 00:07:00,17950.0+4918.0j
2016-02-02 00:08:00,17929.0+4913.0j
2016-02-02 00:09:00,17907.0+4906.0j
2016-02-02 00:10:00,17887.0+4901.0j
2016-02-02 00:11:00,17877.0+4897.0j
2016-02-02 00:12:00,17856.0+4892.0j
2016-02-02 00:13:00,17834.0+4886.0j
2016-02-02 00:14:00,17814.0+4882.0j
2016-02-02 00:15:00,17750.0+4864.0j
2016-02-02 00:16:00,17740.0+4861.0j
2016-02-02 00:17:00,17718.0+4872.0j
2016-02-02 00:18:00,17698.0+4867.0j
2016-02-02 00:19:00,17678.0+4862.0j
2016-02-02 00:20:00,17667.0+4859.0j
2016-02-02 00:21:00,17645.0+4851.0j
2016-02-02 00:22:00,17624.0+4847.0j
2016-02-02 00:23:00,17614.0+4844.0j
2016-02-02 00:24:00,17594.0+4838.0j
2016-02-02 00:25:00,17582.0+4852.0j
2016-02-02 00:26:00,17561.0+4847.0j
2016-02-02 00:27:00,17541.0+4841.0j
2016-02-02 00:28:00,17531.0+4838.0j
2016-02-02 00:29:00,17510.0+4833.0j
2016-02-02 00:30:00,17499.0+4829.0j
2016-02-02 00:31:00,17479.0+4824.0j
2016-02-02 00:32:00,17469.0+4821.0j
2016-02-02 00:33:00,17448.0+4834.0j
2016-02-02 00:34:00,17395.0+4818.0j
2016-02-02 00:35:00,17385.0+4816.0j
2016-02-02 00:36:00,17363.0+4809.0j
2016-02-02 00:37:00,17352.0+4807.0j
2016-02-02 00:38:00,17342.0+4804.0j
2016-02-02 00:39:00,17322.0+4798.0j
2016-02-02 00:40:00,17312.0+4795.0j
2016-02-02 00:41:00,17301.0+4809.0j
2016-02-02 00:42:00,17280.0+4804.0j
2016-02-02 00:43:00,17270.0+4802.0j
2016-02-02 00:44:00,17259.0+4797.0j
2016-02-02 00:45:00,17249.0+4795.0j
2016-02-02 00:46:00,17238.0+4792.0j
2016-02-02 00:47:00,17217.0+4786.0j
2016-02-02 00:48:00,17207.0+4801.0j
2016-02-02 00:49:00,17196.0+4797.0j
2016-02-02 00:50:00,17186.0+4795.0j
2016-02-02 00:51:00,17175.0+4792.0j
2016-02-02 00:52:00,17165.0+4789.0j
2016-02-02 00:53:00,17155.0+4786.0j
2016-02-02 00:54:00,17146.0+4783.0j
2016-02-02 00:55:00,17134.0+4781.0j
2016-02-02 00:56:00,17124.0+4794.0j
2016-02-02 00:57:00,17113.0+4792.0j
2016-02-02 00:58:00,17103.0+4789.0j
2016-02-02 00:59:00,17093.0+4786.0j
2016-02-02 01:00:00,17083.0+4783.0j
2016-02-02 01:01:00,17072.0+4781.0j
2016-02-02 01:02:00,17061.0+4776.0j
2016-02-02 01:03:00,17050.0+4774.0j
2016-02-02 01:04:00,17050.0+4774.0j
2016-02-02 01:05:00,17040.0+4788.0j
2016-02-02 01:06:00,17030.0+4786.0j
2016-02-02 01:07:00,17020.0+4783.0j
2016-02-02 01:08:00,17009.0+4780.0j
2016-02-02 01:09:00,17009.0+4780.0j
2016-02-02 01:10:00,16999.0+4776.0j
2016-02-02 01:11:00,16988.0+4773.0j
2016-02-02 01:12:00,16977.0+4771.0j
2016-02-02 01:13:00,16977.0+4771.0j
2016-02-02 01:14:00,16968.0+4768.0j
2016-02-02 01:15:00,16958.0+4781.0j
2016-02-02 01:16:00,16958.0+4781.0j
2016-02-02 01:17:00,16947.0+4779.0j
2016-02-02 01:18:00,16936.0+4775.0j
2016-02-02 01:19:00,16936.0+4775.0j
2016-02-02 01:20:00,16926.0+4773.0j
2016-02-02 01:21:00,16926.0+4773.0j
2016-02-02 01:22:00,16915.0+4770.0j
2016-02-02 01:23:00,16915.0+4770.0j
2016-02-02 01:24:00,16905.0+4767.0j
2016-02-02 01:25:00,16894.0+4764.0j
2016-02-02 01:26:00,16894.0+4764.0j
2016-02-02 01:27:00,16884.0+4761.0j
2016-02-02 01:28:00,16884.0+4779.0j
2016-02-02 01:29:00,16873.0+4775.0j
2016-02-02 01:30:00,16873.0+4775.0j
2016-02-02 01:31:00,16863.0+4773.0j
2016-02-02 01:32:00,16863.0+4773.0j
2016-02-02 01:33:00,16852.0+4769.0j
2016-02-02 01:34:00,16852.0+4769.0j
2016-02-02 01:35:00,16852.0+4769.0j
2016-02-02 01:36:00,16843.0+4767.0j
2016-02-02 01:37:00,16843.0+4767.0j
2016-02-02 01:38:00,16831.0+4763.0j
2016-02-02 01:39:00,16831.0+4763.0j
2016-02-02 01:40:00,16821.0+4761.0j
2016-02-02 01:41:00,16821.0+4777.0j
2016-02-02 01:42:00,16810.0+4774.0j
2016-02-02 01:43:00,16770.0+4763.0j
2016-02-02 01:44:00,16770.0+4763.0j
2016-02-02 01:45:00,16760.0+4760.0j
2016-02-02 01:46:00,16760.0+4760.0j
2016-02-02 01:47:00,16750.0+4757.0j
2016-02-02 01:48:00,16750.0+4757.0j
2016-02-02 01:49:00,16750.0+4757.0j
2016-02-02 01:50:00,16740.0+4753.0j
2016-02-02 01:51:00,16740.0+4753.0j
2016-02-02 01:52:00,16729.0+4751.0j
2016-02-02 01:53:00,16729.0+4751.0j
2016-02-02 01:54:00,16719.0+4765.0j
2016-02-02 01:55:00,16719.0+4765.0j
2016-02-02 01:56:00,16719.0+4765.0j
2016-02-02 01:57:00,16707.0+4761.0j
2016-02-02 01:58:00,16707.0+4761.0j
2016-02-02 01:59:00,16698.0+4759.0j
2016-02-02 02:00:00,16698.0+4759.0j
2016-02-02 02:01:00,16698.0+4759.0j
2016-02-02 02:02:00,16687.0+4756.0j
2016-02-02 02:03:00,16687.0+4756.0j
2016-02-02 02:04:00,16677.0+4753.0j
2016-02-02 02:05:00,16677.0+4753.0j
2016-02-02 02:06:00,16666.0+4767.0j
2016-02-02 02:07:00,16666.0+4767.0j
2016-02-02 02:08:00,16666.0+4767.0j
2016-02-02 02:09:00,16656.0+4764.0j
2016-02-02 02:10:00,16656.0+4764.0j
2016-02-02 02:11:00,16646.0+4761.0j
2016-02-02 02:12:00,16607.0+4749.0j
2016-02-02 02:13:00,16596.0+4746.0j
2016-02-02 02:14:00,16596.0+4746.0j
2016-02-02 02:15:00,16596.0+4746.0j
2016-02-02 02:16:00,16586.0+4743.0j
2016-02-02 02:17:00,16586.0+4743.0j
2016-02-02 02:18:00,16574.0+4757.0j
2016-02-02 02:19:00,16574.0+4757.0j
2016-02-02 02:20:00,16574.0+4757.0j
2016-02-02 02:21:00,16564.0+4753.0j
2016-02-02 02:22:00,16564.0+4753.0j
2016-02-02 02:23:00,16564.0+4753.0j
2016-02-02 02:24:00,16554.0+4751.0j
2016-02-02 02:25:00,16554.0+4751.0j
2016-02-02 02:26:00,16543.0+4748.0j
2016-02-02 02:27:00,16543.0+4748.0j
2016-02-02 02:28:00,16543.0+4748.0j
2016-02-02 02:29:00,16543.0+4748.0j
2016-02-02 02:30:00,16533.0+4761.0j
2016-02-02 02:31:00,16533.0+4761.0j
2016-02-02 02:32:00,16493.0+4751.0j
2016-02-02 02:33:00,16493.0+4751.0j
2016-02-02 02:34:00,16483.0+4748.0j
2016-02-02 02:35:00,16483.0+4748.0j
2016-02-02 02:36:00,16483.0+4748.0j
2016-02-02 02:37:00,16483.0+4748.0j
2016-02-02 02:38:00,16483.0+4748.0j
2016-02-02 02:39:00,16483.0+4748.0j
2016-02-02 02:40:00,16473.0+4744.0j
2016-02-02 02:41:00,16473.0+4744.0j
2016-02-02 02:42:00,16473.0+4744.0j
2016-02-02 02:43:00,16473.0+4744.0j
2016-02-02 02:44:00,16473.0+4744.0j
2016-02-02 02:45:00,16473.0+4761.0j
2016-02-02 02:46:00,16473.0+4761.0j
2016-02-02 02:47:00,16473.0+4761.0j
2016-02-02 02:48:00,16473.0+4761.0j
2016-02-02 02:49:00,16473.0+4761.0j
2016-02-02 02:50:00,16432.0+4748.0j
2016-02-02 02:51:00,16443.0+4752.0j
2016-02-02 02:52:00,16443.0+4752.0j
2016-02-02 02:53:00,16443.0+4752.0j
2016-02-02 02:54:00,16443.0+4752.0j
2016-02-02 02:55:00,16443.0+4752.0j
2016-02-02 02:56:00,16453.0+4755.0j
2016-02-02 02:57:00,16453.0+4755.0j
2016-02-02 02:58:00,16453.0+4755.0j
2016-02-02 02:59:00,16463.0+4759.0j
2016-02-02 03:00:00,16463.0+4759.0j
2016-02-02 03:01:00,16463.0+4759.0j
2016-02-02 03:02:00,16473.0+4761.0j
2016-02-02 03:03:00,16473.0+4761.0j
2016-02-02 03:04:00,16485.0+4764.0j
2016-02-02 03:05:00,16485.0+4764.0j
2016-02-02 03:06:00,16495.0+4767.0j
2016-02-02 03:07:00,16506.0+4770.0j
2016-02-02 03:08:00,16506.0+4770.0j
2016-02-02 03:09:00,16515.0+4773.0j
2016-02-02 03:10:00,16515.0+4773.0j
2016-02-02 03:11:00,16526.0+4775.0j
2016-02-02 03:12:00,16536.0+4779.0j
2016-02-02 03:13:00,16506.0+4770.0j
2016-02-02 03:14:00,16506.0+4770.0j
2016-02-02 03:15:00,16517.0+4773.0j
2016-02-02 03:16:00,16527.0+4775.0j
2016-02-02 03:17:00,16537.0+4780.0j
2016-02-02 03:18:00,16548.0+4782.0j
2016-02-02 03:19:00,16548.0+4782.0j
2016-02-02 03:20:00,16559.0+4786.0j
2016-02-02 03:21:00,16568.0+4788.0j
2016-02-02 03:22:00,16578.0+4774.0j
2016-02-02 03:23:00,16588.0+4779.0j
2016-02-02 03:24:00,16598.0+4781.0j
2016-02-02 03:25:00,16609.0+4783.0j
2016-02-02 03:26:00,16619.0+4786.0j
2016-02-02 03:27:00,16629.0+4789.0j
2016-02-02 03:28:00,16639.0+4792.0j
2016-02-02 03:29:00,16650.0+4795.0j
2016-02-02 03:30:00,16660.0+4799.0j
2016-02-02 03:31:00,16672.0+4802.0j
2016-02-02 03:32:00,16681.0+4804.0j
2016-02-02 03:33:00,16692.0+4807.0j
2016-02-02 03:34:00,16702.0+4810.0j
2016-02-02 03:35:00,16712.0+4814.0j
2016-02-02 03:36:00,16732.0+4819.0j
2016-02-02 03:37:00,16742.0+4822.0j
2016-02-02 03:38:00,16753.0+4808.0j
2016-02-02 03:39:00,16763.0+4811.0j
2016-02-02 03:40:00,16773.0+4814.0j
2016-02-02 03:41:00,16784.0+4816.0j
2016-02-02 03:42:00,16795.0+4820.0j
2016-02-02 03:43:00,16805.0+4824.0j
2016-02-02 03:44:00,16825.0+4829.0j
2016-02-02 03:45:00,16836.0+4831.0j
2016-02-02 03:46:00,16846.0+4835.0j
2016-02-02 03:47:00,16856.0+4837.0j
2016-02-02 03:48:00,16866.0+4841.0j
2016-02-02 03:49:00,16876.0+4843.0j
2016-02-02 03:50:00,16897.0+4849.0j
2016-02-02 03:51:00,16949.0+4864.0j
2016-02-02 03:52:00,16960.0+4868.0j
2016-02-02 03:53:00,16969.0+4854.0j
2016-02-02 03:54:00,16980.0+4857.0j
2016-02-02 03:55:00,16990.0+4859.0j
2016-02-02 03:56:00,17001.0+4862.0j
2016-02-02 03:57:00,17021.0+4869.0j
2016-02-02 03:58:00,17031.0+4871.0j
2016-02-02 03:59:00,17042.0+4874.0j
2016-02-02 04:00:00,17052.0+4876.0j
2016-02-02 04:01:00,17063.0+4880.0j
2016-02-02 04:02:00,17072.0+4883.0j
2016-02-02 04:03:00,17083.0+4886.0j
2016-02-02 04:04:00,17093.0+4890.0j
2016-02-02 04:05:00,17114.0+4895.0j
2016-02-02 04:06:00,17124.0+4897.0j
2016-02-02 04:07:00,17175.0+4912.0j
2016-02-02 04:08:00,17186.0+4916.0j
2016-02-02 04:09:00,17196.0+4901.0j
2016-02-02 04:10:00,17207.0+4904.0j
2016-02-02 04:11:00,17217.0+4907.0j
2016-02-02 04:12:00,17228.0+4910.0j
2016-02-02 04:13:00,17249.0+4916.0j
2016-02-02 04:14:00,17259.0+4919.0j
2016-02-02 04:15:00,17270.0+4922.0j
2016-02-02 04:16:00,17279.0+4925.0j
2016-02-02 04:17:00,17332.0+4939.0j
2016-02-02 04:18:00,17352.0+4946.0j
2016-02-02 04:19:00,17362.0+4948.0j
2016-02-02 04:20:00,17373.0+4952.0j
2016-02-02 04:21:00,17383.0+4954.0j
2016-02-02 04:22:00,17404.0+4960.0j
2016-02-02 04:23:00,17415.0+4962.0j
2016-02-02 04:24:00,17425.0+4966.0j
2016-02-02 04:25:00,17489.0+4985.0j
2016-02-02 04:26:00,17499.0+4987.0j
2016-02-02 04:27:00,17519.0+4975.0j
2016-02-02 04:28:00,17529.0+4979.0j
2016-02-02 04:29:00,17551.0+4985.0j
2016-02-02 04:30:00,17561.0+4987.0j
2016-02-02 04:31:00,17582.0+4993.0j
2016-02-02 04:32:00,17602.0+5000.0j
2016-02-02 04:33:00,17656.0+5014.0j
2016-02-02 04:34:00,17676.0+5020.0j
2016-02-02 04:35:00,17697.0+5026.0j
2016-02-02 04:36:00,17718.0+5031.0j
2016-02-02 04:37:00,17738.0+5038.0j
2016-02-02 04:38:00,17760.0+5044.0j
2016-02-02 04:39:00,17823.0+5061.0j
2016-02-02 04:40:00,17844.0+5050.0j
2016-02-02 04:41:00,17865.0+5056.0j
2016-02-02 04:42:00,17885.0+5061.0j
2016-02-02 04:43:00,17906.0+5069.0j
2016-02-02 04:44:00,17927.0+5073.0j
2016-02-02 04:45:00,17959.0+5083.0j
2016-02-02 04:46:00,18023.0+5101.0j
2016-02-02 04:47:00,18055.0+5109.0j
2016-02-02 04:48:00,18076.0+5116.0j
2016-02-02 04:49:00,18106.0+5124.0j
2016-02-02 04:50:00,18127.0+5112.0j
2016-02-02 04:51:00,18159.0+5121.0j
2016-02-02 04:52:00,18234.0+5141.0j
2016-02-02 04:53:00,18265.0+5151.0j
2016-02-02 04:54:00,18298.0+5159.0j
2016-02-02 04:55:00,18328.0+5169.0j
2016-02-02 04:56:00,18360.0+5178.0j
2016-02-02 04:57:00,18391.0+5168.0j
2016-02-02 04:58:00,18467.0+5189.0j
2016-02-02 04:59:00,18510.0+5202.0j
2016-02-02 05:00:00,18540.0+5210.0j
2016-02-02 05:01:00,18582.0+5222.0j
2016-02-02 05:02:00,18614.0+5230.0j
2016-02-02 05:03:00,18701.0+5237.0j
2016-02-02 05:04:00,18744.0+5248.0j
2016-02-02 05:05:00,18774.0+5257.0j
2016-02-02 05:06:00,18817.0+5269.0j
2016-02-02 05:07:00,18859.0+5281.0j
2016-02-02 05:08:00,18902.0+5292.0j
2016-02-02 05:09:00,18988.0+5298.0j
2016-02-02 05:10:00,19041.0+5313.0j
2016-02-02 05:11:00,19084.0+5325.0j
2016-02-02 05:12:00,19125.0+5336.0j
2016-02-02 05:13:00,19167.0+5348.0j
2016-02-02 05:14:00,19220.0+5344.0j
2016-02-02 05:15:00,19309.0+5368.0j
2016-02-02 05:16:00,19362.0+5382.0j
2016-02-02 05:17:00,19405.0+5394.0j
2016-02-02 05:18:00,19456.0+5389.0j
2016-02-02 05:19:00,19510.0+5404.0j
2016-02-02 05:20:00,19563.0+5419.0j
2016-02-02 05:21:00,19652.0+5444.0j
2016-02-02 05:22:00,19704.0+5438.0j
2016-02-02 05:23:00,19759.0+5454.0j
2016-02-02 05:24:00,19811.0+5469.0j
2016-02-02 05:25:00,19865.0+5462.0j
2016-02-02 05:26:00,19918.0+5477.0j
2016-02-02 05:27:00,20018.0+5504.0j
2016-02-02 05:28:00,20072.0+5520.0j
2016-02-02 05:29:00,20125.0+5514.0j
2016-02-02 05:30:00,20177.0+5529.0j
2016-02-02 05:31:00,20231.0+5543.0j
2016-02-02 05:32:00,20283.0+5537.0j
2016-02-02 05:33:00,20337.0+5552.0j
2016-02-02 05:34:00,20449.0+5582.0j
2016-02-02 05:35:00,20503.0+5578.0j
2016-02-02 05:36:00,20556.0+5591.0j
2016-02-02 05:37:00,20609.0+5605.0j
2016-02-02 05:38:00,20661.0+5600.0j
2016-02-02 05:39:00,20727.0+5617.0j
2016-02-02 05:40:00,20780.0+5631.0j
2016-02-02 05:41:00,20882.0+5637.0j
2016-02-02 05:42:00,20936.0+5654.0j
2016-02-02 05:43:00,21000.0+5648.0j
2016-02-02 05:44:00,21053.0+5664.0j
2016-02-02 05:45:00,21107.0+5678.0j
2016-02-02 05:46:00,21161.0+5670.0j
2016-02-02 05:47:00,21224.0+5689.0j
2016-02-02 05:48:00,21279.0+5681.0j
2016-02-02 05:49:00,21332.0+5695.0j
2016-02-02 05:50:00,21385.0+5711.0j
2016-02-02 05:51:00,21438.0+5703.0j
2016-02-02 05:52:00,21554.0+5733.0j
2016-02-02 05:53:00,21607.0+5726.0j
2016-02-02 05:54:00,21659.0+5739.0j
2016-02-02 05:55:00,21714.0+5732.0j
2016-02-02 05:56:00,21768.0+5746.0j
2016-02-02 05:57:00,21822.0+5738.0j
2016-02-02 05:58:00,21874.0+5754.0j
2016-02-02 05:59:00,21929.0+5746.0j
2016-02-02 06:00:00,21982.0+5759.0j
2016-02-02 06:01:00,22035.0+5773.0j
2016-02-02 06:02:00,22088.0+5766.0j
2016-02-02 06:03:00,22143.0+5757.0j
2016-02-02 06:04:00,22187.0+5768.0j
2016-02-02 06:05:00,22239.0+5759.0j
2016-02-02 06:06:00,22293.0+5774.0j
2016-02-02 06:07:00,22347.0+5766.0j
2016-02-02 06:08:00,22390.0+5777.0j
2016-02-02 06:09:00,22443.0+5768.0j
2016-02-02 06:10:00,22486.0+5779.0j
2016-02-02 06:11:00,22540.0+5770.0j
2016-02-02 06:12:00,22583.0+5781.0j
2016-02-02 06:13:00,22636.0+5772.0j
2016-02-02 06:14:00,22678.0+5760.0j
2016-02-02 06:15:00,22733.0+5774.0j
2016-02-02 06:16:00,22775.0+5761.0j
2016-02-02 06:17:00,22818.0+5773.0j
2016-02-02 06:18:00,22862.0+5761.0j
2016-02-02 06:19:00,22915.0+5752.0j
2016-02-02 06:20:00,22959.0+5761.0j
2016-02-02 06:21:00,23000.0+5751.0j
2016-02-02 06:22:00,23043.0+5738.0j
2016-02-02 06:23:00,23086.0+5748.0j
2016-02-02 06:24:00,23129.0+5736.0j
2016-02-02 06:25:00,23172.0+5724.0j
2016-02-02 06:26:00,23215.0+5734.0j
2016-02-02 06:27:00,23204.0+5709.0j
2016-02-02 06:28:00,23236.0+5692.0j
2016-02-02 06:29:00,23278.0+5681.0j
2016-02-02 06:30:00,23320.0+5691.0j
2016-02-02 06:31:00,23364.0+5678.0j
2016-02-02 06:32:00,23396.0+5661.0j
2016-02-02 06:33:00,23439.0+5648.0j
2016-02-02 06:34:00,23471.0+5656.0j
2016-02-02 06:35:00,23514.0+5643.0j
2016-02-02 06:36:00,23546.0+5627.0j
2016-02-02 06:37:00,23579.0+5613.0j
2016-02-02 06:38:00,23620.0+5599.0j
2016-02-02 06:39:00,23652.0+5582.0j
2016-02-02 06:40:00,23685.0+5566.0j
2016-02-02 06:41:00,23661.0+5560.0j
2016-02-02 06:42:00,23693.0+5545.0j
2016-02-02 06:43:00,23726.0+5527.0j
2016-02-02 06:44:00,23758.0+5512.0j
2016-02-02 06:45:00,23789.0+5495.0j
2016-02-02 06:46:00,23822.0+5479.0j
2016-02-02 06:47:00,23855.0+5462.0j
2016-02-02 06:48:00,23885.0+5447.0j
2016-02-02 06:49:00,23918.0+5429.0j
2016-02-02 06:50:00,23938.0+5411.0j
2016-02-02 06:51:00,23971.0+5393.0j
2016-02-02 06:52:00,24003.0+5376.0j
2016-02-02 06:53:00,23968.0+5346.0j
2016-02-02 06:54:00,23989.0+5325.0j
2016-02-02 06:55:00,24022.0+5308.0j
2016-02-02 06:56:00,24042.0+5290.0j
2016-02-02 06:57:00,24074.0+5248.0j
2016-02-02 06:58:00,24096.0+5229.0j
2016-02-02 06:59:00,24117.0+5210.0j
2016-02-02 07:00:00,24139.0+5189.0j
2016-02-02 07:01:00,24160.0+5170.0j
2016-02-02 07:02:00,24180.0+5151.0j
2016-02-02 07:03:00,24202.0+5106.0j
2016-02-02 07:04:00,24223.0+5086.0j
2016-02-02 07:05:00,24245.0+5068.0j
2016-02-02 07:06:00,24256.0+5045.0j
2016-02-02 07:07:00,24277.0+5001.0j
2016-02-02 07:08:00,24298.0+4981.0j
2016-02-02 07:09:00,24250.0+4947.0j
2016-02-02 07:10:00,24272.0+4927.0j
2016-02-02 07:11:00,24283.0+4882.0j
2016-02-02 07:12:00,24304.0+4862.0j
2016-02-02 07:13:00,24316.0+4838.0j
2016-02-02 07:14:00,23750.0+4679.0j
2016-02-02 07:15:00,23760.0+4658.0j
2016-02-02 07:16:00,23380.0+4560.0j
2016-02-02 07:17:00,23391.0+4514.0j
2016-02-02 07:18:00,23009.0+4418.0j
2016-02-02 07:19:00,22639.0+4325.0j
2016-02-02 07:20:00,22453.0+4244.0j
2016-02-02 07:21:00,22464.0+4223.0j
2016-02-02 07:22:00,22279.0+4166.0j
2016-02-02 07:23:00,22084.0+4085.0j
2016-02-02 07:24:00,21702.0+3994.0j
2016-02-02 07:25:00,21519.0+3938.0j
2016-02-02 07:26:00,21333.0+3862.0j
2016-02-02 07:27:00,21148.0+3807.0j
2016-02-02 07:28:00,20951.0+3750.0j
2016-02-02 07:29:00,20768.0+3697.0j
2016-02-02 07:30:00,20583.0+3622.0j
2016-02-02 07:31:00,20386.0+3568.0j
2016-02-02 07:32:00,20201.0+3515.0j
2016-02-02 07:33:00,20006.0+3441.0j
2016-02-02 07:34:00,19626.0+3356.0j
2016-02-02 07:35:00,19429.0+3303.0j
2016-02-02 07:36:00,19429.0+3285.0j
2016-02-02 07:37:00,19245.0+3233.0j
2016-02-02 07:38:00,19049.0+3163.0j
2016-02-02 07:39:00,18809.0+3102.0j
2016-02-02 07:40:00,18820.0+3087.0j
2016-02-02 07:41:00,18429.0+3004.0j
2016-02-02 07:42:00,18234.0+2954.0j
2016-02-02 07:43:00,18037.0+2904.0j
2016-02-02 07:44:00,18037.0+2886.0j
2016-02-02 07:45:00,17844.0+2837.0j
2016-02-02 07:46:00,17452.0+2757.0j
2016-02-02 07:47:00,16866.0+2648.0j
2016-02-02 07:48:00,15305.0+2388.0j
2016-02-02 07:49:00,18037.0+2796.0j
2016-02-02 07:50:00,17648.0+2717.0j
2016-02-02 07:51:00,17257.0+2640.0j
2016-02-02 07:52:00,15110.0+2296.0j
2016-02-02 07:53:00,15500.0+2341.0j
2016-02-02 07:54:00,16476.0+2472.0j
2016-02-02 07:55:00,12367.0+1842.0j
2016-02-02 07:56:00,12171.0+1814.0j
2016-02-02 07:57:00,11780.0+1743.0j
2016-02-02 07:58:00,19394.0+2851.0j
2016-02-02 07:59:00,19187.0+2820.0j
2016-02-02 08:00:00,5327.0+778.0j
2016-02-02 08:01:00,4938.0+716.0j
2016-02-02 08:02:00,2193.0+318.0j
2016-02-02 08:03:00,2779.0+400.0j
2016-02-02 08:04:00,1989.0+287.0j
2016-02-02 08:05:00,1597.0+229.0j
2016-02-02 08:06:00,1403.0+201.0j
2016-02-02 08:07:00,1000.0+144.0j
2016-02-02 08:08:00,611.0+87.0j
2016-02-02 08:09:00,-376.0-54.0j
2016-02-02 08:10:00,-766.0-109.0j
2016-02-02 08:11:00,11326.0+1597.0j
2016-02-02 08:12:00,10155.0+1432.0j
2016-02-02 08:13:00,10145.0+1431.0j
2016-02-02 08:14:00,9169.0+1293.0j
2016-02-02 08:15:00,8963.0+1254.0j
2016-02-02 08:16:00,8757.0+1226.0j
2016-02-02 08:17:00,7569.0+1060.0j
2016-02-02 08:18:00,7362.0+1031.0j
2016-02-02 08:19:00,6778.0+950.0j
2016-02-02 08:20:00,8715.0+1220.0j
2016-02-02 08:21:00,9289.0+1300.0j
2016-02-02 08:22:00,12015.0+1682.0j
2016-02-02 08:23:00,12005.0+1681.0j
2016-02-02 08:24:00,11031.0+1544.0j
2016-02-02 08:25:00,11215.0+1570.0j
2016-02-02 08:26:00,8672.0+1215.0j
2016-02-02 08:27:00,6141.0+860.0j
2016-02-02 08:28:00,5157.0+721.0j
2016-02-02 08:29:00,2820.0+395.0j
2016-02-02 08:30:00,1447.0+201.0j
2016-02-02 08:31:00,-1875.0-263.0j
2016-02-02 08:32:00,-4408.0-622.0j
2016-02-02 08:33:00,-6171.0-870.0j
2016-02-02 08:34:00,-7924.0-1117.0j
2016-02-02 08:35:00,-9882.0-1393.0j
2016-02-02 08:36:00,-10087.0-1421.0j
2016-02-02 08:37:00,-10477.0-1476.0j
2016-02-02 08:38:00,-10877.0-1545.0j
2016-02-02 08:39:00,-3856.0-546.0j
2016-02-02 08:40:00,-3673.0-522.0j
2016-02-02 08:41:00,-3866.0-550.0j
2016-02-02 08:42:00,-3878.0-554.0j
2016-02-02 08:43:00,-4072.0-583.0j
2016-02-02 08:44:00,-4471.0-640.0j
2016-02-02 08:45:00,-5442.0-778.0j
2016-02-02 08:46:00,-6619.0-953.0j
2016-02-02 08:47:00,-7591.0-1094.0j
2016-02-02 08:48:00,-7796.0-1122.0j
2016-02-02 08:49:00,-8767.0-1262.0j
2016-02-02 08:50:00,-9739.0-1412.0j
2016-02-02 08:51:00,-10331.0-1497.0j
2016-02-02 08:52:00,-11304.0-1639.0j
2016-02-02 08:53:00,-11692.0-1695.0j
2016-02-02 08:54:00,-11481.0-1675.0j
2016-02-02 08:55:00,-10318.0-1507.0j
2016-02-02 08:56:00,-9348.0-1365.0j
2016-02-02 08:57:00,-8767.0-1281.0j
2016-02-02 08:58:00,-7614.0-1119.0j
2016-02-02 08:59:00,-7420.0-1091.0j
2016-02-02 09:00:00,-8003.0-1177.0j
2016-02-02 09:01:00,-11104.0-1632.0j
2016-02-02 09:02:00,-10717.0-1575.0j
2016-02-02 09:03:00,-13042.0-1930.0j
2016-02-02 09:04:00,-14981.0-2217.0j
2016-02-02 09:05:00,-17500.0-2590.0j
2016-02-02 09:06:00,-18037.0-2670.0j
2016-02-02 09:07:00,-19199.0-2841.0j
2016-02-02 09:08:00,-19778.0-2926.0j
2016-02-02 09:09:00,-19972.0-2976.0j
2016-02-02 09:10:00,-19778.0-2947.0j
2016-02-02 09:11:00,-19392.0-2889.0j
2016-02-02 09:12:00,-18619.0-2775.0j
2016-02-02 09:13:00,-18812.0-2803.0j
2016-02-02 09:14:00,-18608.0-2772.0j
2016-02-02 09:15:00,-19187.0-2858.0j
2016-02-02 09:16:00,-19576.0-2936.0j
2016-02-02 09:17:00,-19914.0-2987.0j
2016-02-02 09:18:00,-23000.0-3451.0j
2016-02-02 09:19:00,-22797.0-3420.0j
2016-02-02 09:20:00,-23569.0-3535.0j
2016-02-02 09:21:00,-23955.0-3594.0j
2016-02-02 09:22:00,-23569.0-3535.0j
2016-02-02 09:23:00,-24331.0-3650.0j
2016-02-02 09:24:00,-24909.0-3735.0j
2016-02-02 09:25:00,-25295.0-3794.0j
2016-02-02 09:26:00,-25477.0-3821.0j
2016-02-02 09:27:00,-24646.0-3698.0j
2016-02-02 09:28:00,-24261.0-3639.0j
2016-02-02 09:29:00,-20413.0-3081.0j
2016-02-02 09:30:00,-22711.0-3430.0j
2016-02-02 09:31:00,-24636.0-3720.0j
2016-02-02 09:32:00,-24444.0-3690.0j
2016-02-02 09:33:00,-26550.0-4009.0j
2016-02-02 09:34:00,-27127.0-4096.0j
2016-02-02 09:35:00,-27512.0-4154.0j
2016-02-02 09:36:00,-27512.0-4154.0j
2016-02-02 09:37:00,-27502.0-4153.0j
2016-02-02 09:38:00,-28011.0-4229.0j
2016-02-02 09:39:00,-28780.0-4346.0j
2016-02-02 09:40:00,-29163.0-4403.0j
2016-02-02 09:41:00,-29355.0-4432.0j
2016-02-02 09:42:00,-29538.0-4460.0j
2016-02-02 09:43:00,-28961.0-4373.0j
2016-02-02 09:44:00,-28961.0-4373.0j
2016-02-02 09:45:00,-29345.0-4431.0j
2016-02-02 09:46:00,-29730.0-4489.0j
2016-02-02 09:47:00,-30304.0-4576.0j
2016-02-02 09:48:00,-30295.0-4574.0j
2016-02-02 09:49:00,-31063.0-4691.0j
2016-02-02 09:50:00,-31255.0-4720.0j
2016-02-02 09:51:00,-31753.0-4794.0j
2016-02-02 09:52:00,-32137.0-4852.0j
2016-02-02 09:53:00,-32329.0-4882.0j
2016-02-02 09:54:00,-32520.0-4911.0j
2016-02-02 09:55:00,-32712.0-4939.0j
2016-02-02 09:56:00,-32903.0-4968.0j
2016-02-02 09:57:00,-31945.0-4824.0j
2016-02-02 09:58:00,-30615.0-4623.0j
2016-02-02 09:59:00,-31380.0-4739.0j
2016-02-02 10:00:00,-31764.0-4796.0j
2016-02-02 10:01:00,-32338.0-4884.0j
2016-02-02 10:02:00,-32914.0-4970.0j
2016-02-02 10:03:00,-33881.0-5116.0j
2016-02-02 10:04:00,-33881.0-5116.0j
2016-02-02 10:05:00,-34647.0-5232.0j
2016-02-02 10:06:00,-34658.0-5234.0j
2016-02-02 10:07:00,-35424.0-5348.0j
2016-02-02 10:08:00,-35627.0-5379.0j
2016-02-02 10:09:00,-35818.0-5409.0j
2016-02-02 10:10:00,-36020.0-5439.0j
2016-02-02 10:11:00,-35829.0-5411.0j
2016-02-02 10:12:00,-35829.0-5411.0j
2016-02-02 10:13:00,-35838.0-5412.0j
2016-02-02 10:14:00,-35849.0-5414.0j
2016-02-02 10:15:00,-36232.0-5471.0j
2016-02-02 10:16:00,-36626.0-5531.0j
2016-02-02 10:17:00,-37200.0-5617.0j
2016-02-02 10:18:00,-37401.0-5648.0j
2016-02-02 10:19:00,-37594.0-5677.0j
2016-02-02 10:20:00,-37604.0-5678.0j
2016-02-02 10:21:00,-37613.0-5680.0j
2016-02-02 10:22:00,-37422.0-5650.0j
2016-02-02 10:23:00,-37817.0-5711.0j
2016-02-02 10:24:00,-38008.0-5739.0j
2016-02-02 10:25:00,-38402.0-5799.0j
2016-02-02 10:26:00,-38794.0-5857.0j
2016-02-02 10:27:00,-39178.0-5916.0j
2016-02-02 10:28:00,-39189.0-5917.0j
2016-02-02 10:29:00,-39582.0-5977.0j
2016-02-02 10:30:00,-39773.0-6046.0j
2016-02-02 10:31:00,-40167.0-6104.0j
2016-02-02 10:32:00,-40368.0-6136.0j
2016-02-02 10:33:00,-40368.0-6136.0j
2016-02-02 10:34:00,-40569.0-6167.0j
2016-02-02 10:35:00,-40953.0-6225.0j
2016-02-02 10:36:00,-41347.0-6285.0j
2016-02-02 10:37:00,-41549.0-6315.0j
2016-02-02 10:38:00,-41549.0-6315.0j
2016-02-02 10:39:00,-41176.0-6259.0j
2016-02-02 10:40:00,-41368.0-6288.0j
2016-02-02 10:41:00,-41378.0-6290.0j
2016-02-02 10:42:00,-41570.0-6319.0j
2016-02-02 10:43:00,-41772.0-6349.0j
2016-02-02 10:44:00,-41963.0-6379.0j
2016-02-02 10:45:00,-42357.0-6440.0j
2016-02-02 10:46:00,-42739.0-6497.0j
2016-02-02 10:47:00,-42828.0-6510.0j
2016-02-02 10:48:00,-43221.0-6570.0j
2016-02-02 10:49:00,-43411.0-6599.0j
2016-02-02 10:50:00,-43601.0-6628.0j
2016-02-02 10:51:00,-43803.0-6658.0j
2016-02-02 10:52:00,-43803.0-6658.0j
2016-02-02 10:53:00,-43995.0-6731.0j
2016-02-02 10:54:00,-44186.0-6760.0j
2016-02-02 10:55:00,-44197.0-6763.0j
2016-02-02 10:56:00,-44197.0-6763.0j
2016-02-02 10:57:00,-44387.0-6791.0j
2016-02-02 10:58:00,-44387.0-6791.0j
2016-02-02 10:59:00,-44387.0-6791.0j
2016-02-02 11:00:00,-44770.0-6850.0j
2016-02-02 11:01:00,-44387.0-6791.0j
2016-02-02 11:02:00,-44578.0-6820.0j
2016-02-02 11:03:00,-44770.0-6850.0j
2016-02-02 11:04:00,-44387.0-6791.0j
2016-02-02 11:05:00,-44377.0-6790.0j
2016-02-02 11:06:00,-45524.0-6965.0j
2016-02-02 11:07:00,-45714.0-7040.0j
2016-02-02 11:08:00,-45795.0-7052.0j
2016-02-02 11:09:00,-45976.0-7080.0j
2016-02-02 11:10:00,-45976.0-7080.0j
2016-02-02 11:11:00,-46165.0-7109.0j
2016-02-02 11:12:00,-46155.0-7108.0j
2016-02-02 11:13:00,-45012.0-6931.0j
2016-02-02 11:14:00,-44429.0-6842.0j
2016-02-02 11:15:00,-44620.0-6871.0j
2016-02-02 11:16:00,-45001.0-6931.0j
2016-02-02 11:17:00,-45371.0-6987.0j
2016-02-02 11:18:00,-46326.0-7134.0j
2016-02-02 11:19:00,-46773.0-7204.0j
2016-02-02 11:20:00,-46773.0-7250.0j
2016-02-02 11:21:00,-46954.0-7277.0j
2016-02-02 11:22:00,-46954.0-7277.0j
2016-02-02 11:23:00,-47133.0-7306.0j
2016-02-02 11:24:00,-47133.0-7306.0j
2016-02-02 11:25:00,-47122.0-7304.0j
2016-02-02 11:26:00,-45981.0-7128.0j
2016-02-02 11:27:00,-44831.0-6949.0j
2016-02-02 11:28:00,-43763.0-6783.0j
2016-02-02 11:29:00,-46797.0-7253.0j
2016-02-02 11:30:00,-46598.0-7222.0j
2016-02-02 11:31:00,-46788.0-7252.0j
2016-02-02 11:32:00,-47155.0-7309.0j
2016-02-02 11:33:00,-46777.0-7250.0j
2016-02-02 11:34:00,-45818.0-7102.0j
2016-02-02 11:35:00,-46767.0-7296.0j
2016-02-02 11:36:00,-46946.0-7323.0j
2016-02-02 11:37:00,-46188.0-7206.0j
2016-02-02 11:38:00,-47210.0-7364.0j
2016-02-02 11:39:00,-47958.0-7481.0j
2016-02-02 11:40:00,-47958.0-7481.0j
2016-02-02 11:41:00,-48136.0-7508.0j
2016-02-02 11:42:00,-47568.0-7420.0j
2016-02-02 11:43:00,-46812.0-7302.0j
2016-02-02 11:44:00,-46622.0-7274.0j
2016-02-02 11:45:00,-46801.0-7301.0j
2016-02-02 11:46:00,-46990.0-7331.0j
2016-02-02 11:47:00,-47180.0-7360.0j
2016-02-02 11:48:00,-47748.0-7448.0j
2016-02-02 11:49:00,-48504.0-7566.0j
2016-02-02 11:50:00,-48385.0-7549.0j
2016-02-02 11:51:00,-48375.0-7546.0j
2016-02-02 11:52:00,-48375.0-7546.0j
2016-02-02 11:53:00,-48385.0-7549.0j
2016-02-02 11:54:00,-48385.0-7549.0j
2016-02-02 11:55:00,-48008.0-7489.0j
2016-02-02 11:56:00,-47253.0-7372.0j
2016-02-02 11:57:00,-46687.0-7283.0j
2016-02-02 11:58:00,-46498.0-7253.0j
2016-02-02 11:59:00,-45943.0-7167.0j
2016-02-02 12:00:00,-44809.0-6991.0j
2016-02-02 12:01:00,-45943.0-7167.0j
2016-02-02 12:02:00,-46897.0-7316.0j
2016-02-02 12:03:00,-45954.0-7168.0j
2016-02-02 12:04:00,-47095.0-7347.0j
2016-02-02 12:05:00,-47294.0-7377.0j
2016-02-02 12:06:00,-43519.0-6789.0j
2016-02-02 12:07:00,-19369.0-3022.0j
2016-02-02 12:08:00,-17303.0-2700.0j
2016-02-02 12:09:00,-15415.0-2404.0j
2016-02-02 12:10:00,-13726.0-2141.0j
2016-02-02 12:11:00,-15246.0-2363.0j
2016-02-02 12:12:00,-24505.0-3798.0j
2016-02-02 12:13:00,-29424.0-4561.0j
2016-02-02 12:14:00,-32265.0-5001.0j
2016-02-02 12:15:00,-33409.0-5179.0j
2016-02-02 12:16:00,-34362.0-5326.0j
2016-02-02 12:17:00,-35505.0-5504.0j
2016-02-02 12:18:00,-36648.0-5681.0j
2016-02-02 12:19:00,-38924.0-6034.0j
2016-02-02 12:20:00,-40254.0-6241.0j
2016-02-02 12:21:00,-42341.0-6563.0j
2016-02-02 12:22:00,-45183.0-7004.0j
2016-02-02 12:23:00,-48035.0-7397.0j
2016-02-02 12:24:00,-48801.0-7516.0j
2016-02-02 12:25:00,-48811.0-7516.0j
2016-02-02 12:26:00,-46555.0-7171.0j
2016-02-02 12:27:00,-44786.0-6897.0j
2016-02-02 12:28:00,-39500.0-6083.0j
2016-02-02 12:29:00,-41981.0-6464.0j
2016-02-02 12:30:00,-40287.0-6205.0j
2016-02-02 12:31:00,-39729.0-6119.0j
2016-02-02 12:32:00,-38226.0-5888.0j
2016-02-02 12:33:00,-31424.0-4839.0j
2016-02-02 12:34:00,-39014.0-6008.0j
2016-02-02 12:35:00,-40348.0-6213.0j
2016-02-02 12:36:00,-38467.0-5885.0j
2016-02-02 12:37:00,-45479.0-6958.0j
2016-02-02 12:38:00,-47002.0-7192.0j
2016-02-02 12:39:00,-47022.0-7195.0j
2016-02-02 12:40:00,-48736.0-7457.0j
2016-02-02 12:41:00,-48557.0-7429.0j
2016-02-02 12:42:00,-48685.0-7449.0j
2016-02-02 12:43:00,-48696.0-7451.0j
2016-02-02 12:44:00,-48517.0-7423.0j
2016-02-02 12:45:00,-48526.0-7425.0j
2016-02-02 12:46:00,-48537.0-7427.0j
2016-02-02 12:47:00,-48358.0-7399.0j
2016-02-02 12:48:00,-48368.0-7399.0j
2016-02-02 12:49:00,-44206.0-6764.0j
2016-02-02 12:50:00,-44595.0-6822.0j
2016-02-02 12:51:00,-45175.0-6911.0j
2016-02-02 12:52:00,-45564.0-6972.0j
2016-02-02 12:53:00,-45385.0-6944.0j
2016-02-02 12:54:00,-46066.0-7048.0j
2016-02-02 12:55:00,-47027.0-7195.0j
2016-02-02 12:56:00,-41523.0-6353.0j
2016-02-02 12:57:00,-36580.0-5597.0j
2016-02-02 12:58:00,-29745.0-4552.0j
2016-02-02 12:59:00,-26902.0-4116.0j
2016-02-02 13:00:00,-23099.0-3534.0j
2016-02-02 13:01:00,-18917.0-2893.0j
2016-02-02 13:02:00,-9610.0-1470.0j
2016-02-02 13:03:00,-4665.0-714.0j
2016-02-02 13:04:00,-9419.0-1441.0j
2016-02-02 13:05:00,4260.0+653.0j
2016-02-02 13:06:00,8634.0+1321.0j
2016-02-02 13:07:00,8655.0+1332.0j
2016-02-02 13:08:00,9036.0+1392.0j
2016-02-02 13:09:00,8273.0+1275.0j
2016-02-02 13:10:00,6367.0+981.0j
2016-02-02 13:11:00,5034.0+776.0j
2016-02-02 13:12:00,3318.0+511.0j
2016-02-02 13:13:00,3318.0+511.0j
2016-02-02 13:14:00,2365.0+364.0j
2016-02-02 13:15:00,1983.0+305.0j
2016-02-02 13:16:00,1792.0+277.0j
2016-02-02 13:17:00,1411.0+219.0j
2016-02-02 13:18:00,1411.0+219.0j
2016-02-02 13:19:00,-294.0-46.0j
2016-02-02 13:20:00,-2771.0-429.0j
2016-02-02 13:21:00,-33459.0-5186.0j
2016-02-02 13:22:00,-33840.0-5245.0j
2016-02-02 13:23:00,-34102.0-5320.0j
2016-02-02 13:24:00,-39070.0-6095.0j
2016-02-02 13:25:00,-39070.0-6095.0j
2016-02-02 13:26:00,-33519.0-5229.0j
2016-02-02 13:27:00,-29889.0-4663.0j
2016-02-02 13:28:00,-13638.0-2127.0j
2016-02-02 13:29:00,-15930.0-2501.0j
2016-02-02 13:30:00,-15729.0-2469.0j
2016-02-02 13:31:00,-11717.0-1839.0j
2016-02-02 13:32:00,-18022.0-2831.0j
2016-02-02 13:33:00,-12088.0-1898.0j
2016-02-02 13:34:00,-10369.0-1628.0j
2016-02-02 13:35:00,-14180.0-2240.0j
2016-02-02 13:36:00,-24880.0-3932.0j
2016-02-02 13:37:00,-29837.0-4714.0j
2016-02-02 13:38:00,-33467.0-5289.0j
2016-02-02 13:39:00,-39189.0-6192.0j
2016-02-02 13:40:00,-39762.0-6282.0j
2016-02-02 13:41:00,-38414.0-6108.0j
2016-02-02 13:42:00,-37841.0-6016.0j
2016-02-02 13:43:00,-36876.0-5863.0j
2016-02-02 13:44:00,-36683.0-5833.0j
2016-02-02 13:45:00,-36772.0-5847.0j
2016-02-02 13:46:00,-36571.0-5814.0j
2016-02-02 13:47:00,-36571.0-5852.0j
2016-02-02 13:48:00,-34644.0-5543.0j
2016-02-02 13:49:00,-32729.0-5237.0j
2016-02-02 13:50:00,-27558.0-4410.0j
2016-02-02 13:51:00,-24101.0-3856.0j
2016-02-02 13:52:00,-20653.0-3304.0j
2016-02-02 13:53:00,-22761.0-3642.0j
2016-02-02 13:54:00,-24090.0-3854.0j
2016-02-02 13:55:00,-29070.0-4680.0j
2016-02-02 13:56:00,-30027.0-4835.0j
2016-02-02 13:57:00,-22366.0-3601.0j
2016-02-02 13:58:00,-25420.0-4093.0j
2016-02-02 13:59:00,-21015.0-3383.0j
2016-02-02 14:00:00,-27527.0-4431.0j
2016-02-02 14:01:00,-11440.0-1841.0j
2016-02-02 14:02:00,-9907.0-1596.0j
2016-02-02 14:03:00,-6077.0-978.0j
2016-02-02 14:04:00,-2246.0-361.0j
2016-02-02 14:05:00,1585.0+255.0j
2016-02-02 14:06:00,1585.0+255.0j
2016-02-02 14:07:00,1776.0+286.0j
2016-02-02 14:08:00,1776.0+286.0j
2016-02-02 14:09:00,1776.0+286.0j
2016-02-02 14:10:00,1969.0+318.0j
2016-02-02 14:11:00,2159.0+347.0j
2016-02-02 14:12:00,1969.0+318.0j
2016-02-02 14:13:00,1969.0+318.0j
2016-02-02 14:14:00,2149.0+348.0j
2016-02-02 14:15:00,2149.0+348.0j
2016-02-02 14:16:00,2149.0+345.0j
2016-02-02 14:17:00,2341.0+378.0j
2016-02-02 14:18:00,2533.0+408.0j
2016-02-02 14:19:00,2533.0+408.0j
2016-02-02 14:20:00,2522.0+406.0j
2016-02-02 14:21:00,2713.0+436.0j
2016-02-02 14:22:00,2713.0+436.0j
2016-02-02 14:23:00,2713.0+436.0j
2016-02-02 14:24:00,3478.0+560.0j
2016-02-02 14:25:00,1936.0+312.0j
2016-02-02 14:26:00,-2282.0-367.0j
2016-02-02 14:27:00,-3627.0-585.0j
2016-02-02 14:28:00,-7851.0-1263.0j
2016-02-02 14:29:00,-10538.0-1696.0j
2016-02-02 14:30:00,-14954.0-2406.0j
2016-02-02 14:31:00,-17834.0-2871.0j
2016-02-02 14:32:00,-23978.0-3861.0j
2016-02-02 14:33:00,-25716.0-4115.0j
2016-02-02 14:34:00,-25907.0-4145.0j
2016-02-02 14:35:00,-28596.0-4575.0j
2016-02-02 14:36:00,-28596.0-4575.0j
2016-02-02 14:37:00,-28596.0-4575.0j
2016-02-02 14:38:00,-28403.0-4544.0j
2016-02-02 14:39:00,-28019.0-4484.0j
2016-02-02 14:40:00,-27826.0-4452.0j
2016-02-02 14:41:00,-27433.0-4362.0j
2016-02-02 14:42:00,-27625.0-4393.0j
2016-02-02 14:43:00,-27433.0-4362.0j
2016-02-02 14:44:00,-27241.0-4332.0j
2016-02-02 14:45:00,-27048.0-4300.0j
2016-02-02 14:46:00,-26655.0-4239.0j
2016-02-02 14:47:00,-26462.0-4207.0j
2016-02-02 14:48:00,-26078.0-4120.0j
2016-02-02 14:49:00,-26260.0-4149.0j
2016-02-02 14:50:00,-26068.0-4119.0j
2016-02-02 14:51:00,-25866.0-4087.0j
2016-02-02 14:52:00,-25483.0-4026.0j
2016-02-02 14:53:00,-25279.0-3969.0j
2016-02-02 14:54:00,-25088.0-3939.0j
2016-02-02 14:55:00,-23348.0-3666.0j
2016-02-02 14:56:00,-22763.0-3574.0j
2016-02-02 14:57:00,-22187.0-3484.0j
2016-02-02 14:58:00,-9698.0-1513.0j
2016-02-02 14:59:00,-14102.0-2200.0j
2016-02-02 15:00:00,-15244.0-2379.0j
2016-02-02 15:01:00,-17153.0-2676.0j
2016-02-02 15:02:00,-17335.0-2704.0j
2016-02-02 15:03:00,-17325.0-2685.0j
2016-02-02 15:04:00,-20578.0-3190.0j
2016-02-02 15:05:00,-18446.0-2858.0j
2016-02-02 15:06:00,-20931.0-3244.0j
2016-02-02 15:07:00,-18040.0-2778.0j
2016-02-02 15:08:00,-17828.0-2746.0j
2016-02-02 15:09:00,-17434.0-2684.0j
2016-02-02 15:10:00,-17221.0-2652.0j
2016-02-02 15:11:00,-17017.0-2604.0j
2016-02-02 15:12:00,-16614.0-2543.0j
2016-02-02 15:13:00,-18320.0-2803.0j
2016-02-02 15:14:00,-17925.0-2743.0j
2016-02-02 15:15:00,-17713.0-2692.0j
2016-02-02 15:16:00,-17501.0-2659.0j
2016-02-02 15:17:00,-17863.0-2714.0j
2016-02-02 15:18:00,-18419.0-2800.0j
2016-02-02 15:19:00,-18046.0-2725.0j
2016-02-02 15:20:00,-17257.0-2605.0j
2016-02-02 15:21:00,-17042.0-2573.0j
2016-02-02 15:22:00,-17021.0-2570.0j
2016-02-02 15:23:00,-15258.0-2289.0j
2016-02-02 15:24:00,-14852.0-2227.0j
2016-02-02 15:25:00,-10010.0-1502.0j
2016-02-02 15:26:00,-7861.0-1180.0j
2016-02-02 15:27:00,-7648.0-1148.0j
2016-02-02 15:28:00,-7231.0-1077.0j
2016-02-02 15:29:00,-5853.0-873.0j
2016-02-02 15:30:00,-4667.0-696.0j
2016-02-02 15:31:00,-5599.0-834.0j
2016-02-02 15:32:00,-11725.0-1736.0j
2016-02-02 15:33:00,-8615.0-1275.0j
2016-02-02 15:34:00,-11075.0-1639.0j
2016-02-02 15:35:00,-12226.0-1809.0j
2016-02-02 15:36:00,-12581.0-1849.0j
2016-02-02 15:37:00,-12346.0-1814.0j
2016-02-02 15:38:00,-12315.0-1811.0j
2016-02-02 15:39:00,-12081.0-1776.0j
2016-02-02 15:40:00,-12039.0-1770.0j
2016-02-02 15:41:00,-11611.0-1695.0j
2016-02-02 15:42:00,-10991.0-1605.0j
2016-02-02 15:43:00,-10562.0-1542.0j
2016-02-02 15:44:00,-8977.0-1310.0j
2016-02-02 15:45:00,-8764.0-1281.0j
2016-02-02 15:46:00,-8335.0-1218.0j
2016-02-02 15:47:00,-6553.0-950.0j
2016-02-02 15:48:00,-6113.0-887.0j
2016-02-02 15:49:00,-4331.0-628.0j
2016-02-02 15:50:00,-4085.0-593.0j
2016-02-02 15:51:00,-2293.0-332.0j
2016-02-02 15:52:00,-2061.0-299.0j
2016-02-02 15:53:00,123.0+19.0j
2016-02-02 15:54:00,370.0+54.0j
2016-02-02 15:55:00,2748.0+396.0j
2016-02-02 15:56:00,3576.0+515.0j
2016-02-02 15:57:00,2476.0+356.0j
2016-02-02 15:58:00,2147.0+310.0j
2016-02-02 15:59:00,5696.0+820.0j
2016-02-02 16:00:00,9645.0+1389.0j
2016-02-02 16:01:00,10875.0+1565.0j
2016-02-02 16:02:00,9178.0+1321.0j
2016-02-02 16:03:00,11990.0+1727.0j
2016-02-02 16:04:00,14976.0+2157.0j
2016-02-02 16:05:00,13286.0+1914.0j
2016-02-02 16:06:00,11987.0+1727.0j
2016-02-02 16:07:00,12859.0+1852.0j
2016-02-02 16:08:00,13118.0+1889.0j
2016-02-02 16:09:00,4796.0+690.0j
2016-02-02 16:10:00,-20.0-2.0j
2016-02-02 16:11:00,13330.0+1920.0j
2016-02-02 16:12:00,14013.0+2018.0j
2016-02-02 16:13:00,14086.0+2028.0j
2016-02-02 16:14:00,14346.0+2067.0j
2016-02-02 16:15:00,14454.0+2081.0j
2016-02-02 16:16:00,14921.0+2149.0j
2016-02-02 16:17:00,14592.0+2102.0j
2016-02-02 16:18:00,14863.0+2140.0j
2016-02-02 16:19:00,14972.0+2156.0j
2016-02-02 16:20:00,14654.0+2110.0j
2016-02-02 16:21:00,15122.0+2178.0j
2016-02-02 16:22:00,15984.0+2317.0j
2016-02-02 16:23:00,14913.0+2162.0j
2016-02-02 16:24:00,14013.0+2032.0j
2016-02-02 16:25:00,7387.0+1072.0j
2016-02-02 16:26:00,8844.0+1283.0j
2016-02-02 16:27:00,9532.0+1382.0j
2016-02-02 16:28:00,6248.0+906.0j
2016-02-02 16:29:00,6531.0+947.0j
2016-02-02 16:30:00,6621.0+960.0j
2016-02-02 16:31:00,7488.0+1094.0j
2016-02-02 16:32:00,6981.0+1019.0j
2016-02-02 16:33:00,7453.0+1088.0j
2016-02-02 16:34:00,7347.0+1073.0j
2016-02-02 16:35:00,7036.0+1028.0j
2016-02-02 16:36:00,7508.0+1096.0j
2016-02-02 16:37:00,9182.0+1341.0j
2016-02-02 16:38:00,15246.0+2240.0j
2016-02-02 16:39:00,8360.0+1229.0j
2016-02-02 16:40:00,8844.0+1300.0j
2016-02-02 16:41:00,15087.0+2218.0j
2016-02-02 16:42:00,15407.0+2266.0j
2016-02-02 16:43:00,16679.0+2452.0j
2016-02-02 16:44:00,18549.0+2727.0j
2016-02-02 16:45:00,20430.0+3024.0j
2016-02-02 16:46:00,22353.0+3309.0j
2016-02-02 16:47:00,23028.0+3408.0j
2016-02-02 16:48:00,23514.0+3480.0j
2016-02-02 16:49:00,23190.0+3432.0j
2016-02-02 16:50:00,23265.0+3443.0j
2016-02-02 16:51:00,23407.0+3488.0j
2016-02-02 16:52:00,23483.0+3499.0j
2016-02-02 16:53:00,23359.0+3480.0j
2016-02-02 16:54:00,23235.0+3463.0j
2016-02-02 16:55:00,22309.0+3324.0j
2016-02-02 16:56:00,23386.0+3485.0j
2016-02-02 16:57:00,23517.0+3528.0j
2016-02-02 16:58:00,23593.0+3539.0j
2016-02-02 16:59:00,24472.0+3672.0j
2016-02-02 17:00:00,24549.0+3683.0j
2016-02-02 17:01:00,31049.0+4658.0j
2016-02-02 17:02:00,31125.0+4669.0j
2016-02-02 17:03:00,31191.0+4679.0j
2016-02-02 17:04:00,31267.0+4720.0j
2016-02-02 17:05:00,31416.0+4743.0j
2016-02-02 17:06:00,31481.0+4753.0j
2016-02-02 17:07:00,31557.0+4765.0j
2016-02-02 17:08:00,31622.0+4775.0j
2016-02-02 17:09:00,31688.0+4786.0j
2016-02-02 17:10:00,31765.0+4796.0j
2016-02-02 17:11:00,31831.0+4838.0j
2016-02-02 17:12:00,31897.0+4849.0j
2016-02-02 17:13:00,31963.0+4859.0j
2016-02-02 17:14:00,32028.0+4869.0j
2016-02-02 17:15:00,32094.0+4879.0j
2016-02-02 17:16:00,32159.0+4889.0j
2016-02-02 17:17:00,32225.0+4897.0j
2016-02-02 17:18:00,32289.0+4907.0j
2016-02-02 17:19:00,32343.0+4948.0j
2016-02-02 17:20:00,32409.0+4959.0j
2016-02-02 17:21:00,32474.0+4968.0j
2016-02-02 17:22:00,32530.0+4977.0j
2016-02-02 17:23:00,32596.0+4987.0j
2016-02-02 17:24:00,32650.0+4995.0j
2016-02-02 17:25:00,32704.0+5003.0j
2016-02-02 17:26:00,32759.0+5013.0j
2016-02-02 17:27:00,32814.0+5020.0j
2016-02-02 17:28:00,32868.0+5028.0j
2016-02-02 17:29:00,32923.0+5037.0j
2016-02-02 17:30:00,32978.0+5079.0j
2016-02-02 17:31:00,33032.0+5086.0j
2016-02-02 17:32:00,33086.0+5096.0j
2016-02-02 17:33:00,33129.0+5102.0j
2016-02-02 17:34:00,33185.0+5111.0j
2016-02-02 17:35:00,33229.0+5117.0j
2016-02-02 17:36:00,33283.0+5126.0j
2016-02-02 17:37:00,33327.0+5132.0j
2016-02-02 17:38:00,33371.0+5139.0j
2016-02-02 17:39:00,33414.0+5146.0j
2016-02-02 17:40:00,33458.0+5152.0j
2016-02-02 17:41:00,33502.0+5159.0j
2016-02-02 17:42:00,33546.0+5167.0j
2016-02-02 17:43:00,33589.0+5172.0j
2016-02-02 17:44:00,33622.0+5178.0j
2016-02-02 17:45:00,33666.0+5185.0j
2016-02-02 17:46:00,33699.0+5189.0j
2016-02-02 17:47:00,33742.0+5196.0j
2016-02-02 17:48:00,33775.0+5202.0j
2016-02-02 17:49:00,33809.0+5207.0j
2016-02-02 17:50:00,33841.0+5211.0j
2016-02-02 17:51:00,33874.0+5216.0j
2016-02-02 17:52:00,33984.0+5235.0j
2016-02-02 17:53:00,34016.0+5238.0j
2016-02-02 17:54:00,34038.0+5242.0j
2016-02-02 17:55:00,34071.0+5248.0j
2016-02-02 17:56:00,34093.0+5250.0j
2016-02-02 17:57:00,34126.0+5256.0j
2016-02-02 17:58:00,34148.0+5259.0j
2016-02-02 17:59:00,34170.0+5262.0j
2016-02-02 18:00:00,34191.0+5265.0j
2016-02-02 18:01:00,34214.0+5270.0j
2016-02-02 18:02:00,34236.0+5272.0j
2016-02-02 18:03:00,34246.0+5274.0j
2016-02-02 18:04:00,34268.0+5278.0j
2016-02-02 18:05:00,34279.0+5279.0j
2016-02-02 18:06:00,34380.0+5295.0j
2016-02-02 18:07:00,34390.0+5296.0j
2016-02-02 18:08:00,34402.0+5263.0j
2016-02-02 18:09:00,34412.0+5265.0j
2016-02-02 18:10:00,34423.0+5268.0j
2016-02-02 18:11:00,34435.0+5268.0j
2016-02-02 18:12:00,34445.0+5270.0j
2016-02-02 18:13:00,34535.0+5284.0j
2016-02-02 18:14:00,34535.0+5284.0j
2016-02-02 18:15:00,34546.0+5285.0j
2016-02-02 18:16:00,34546.0+5285.0j
2016-02-02 18:17:00,34546.0+5250.0j
2016-02-02 18:18:00,34556.0+5252.0j
2016-02-02 18:19:00,34556.0+5252.0j
2016-02-02 18:20:00,34636.0+5265.0j
2016-02-02 18:21:00,34636.0+5265.0j
2016-02-02 18:22:00,34636.0+5265.0j
2016-02-02 18:23:00,34636.0+5265.0j
2016-02-02 18:24:00,34636.0+5229.0j
2016-02-02 18:25:00,34624.0+5228.0j
2016-02-02 18:26:00,34705.0+5240.0j
2016-02-02 18:27:00,34705.0+5240.0j
2016-02-02 18:28:00,34693.0+5238.0j
2016-02-02 18:29:00,34693.0+5238.0j
2016-02-02 18:30:00,34682.0+5237.0j
2016-02-02 18:31:00,34671.0+5200.0j
2016-02-02 18:32:00,34671.0+5200.0j
2016-02-02 18:33:00,34739.0+5210.0j
2016-02-02 18:34:00,34728.0+5209.0j
2016-02-02 18:35:00,34715.0+5207.0j
2016-02-02 18:36:00,34705.0+5205.0j
2016-02-02 18:37:00,34694.0+5169.0j
2016-02-02 18:38:00,34683.0+5167.0j
2016-02-02 18:39:00,34672.0+5167.0j
2016-02-02 18:40:00,34740.0+5176.0j
2016-02-02 18:41:00,34728.0+5174.0j
2016-02-02 18:42:00,34718.0+5138.0j
2016-02-02 18:43:00,34706.0+5137.0j
2016-02-02 18:44:00,34685.0+5134.0j
2016-02-02 18:45:00,34672.0+5131.0j
2016-02-02 18:46:00,34661.0+5129.0j
2016-02-02 18:47:00,34639.0+5126.0j
2016-02-02 18:48:00,34628.0+5091.0j
2016-02-02 18:49:00,34685.0+5099.0j
2016-02-02 18:50:00,34673.0+5096.0j
2016-02-02 18:51:00,34650.0+5093.0j
2016-02-02 18:52:00,34639.0+5092.0j
2016-02-02 18:53:00,34617.0+5054.0j
2016-02-02 18:54:00,34606.0+5052.0j
2016-02-02 18:55:00,34584.0+5049.0j
2016-02-02 18:56:00,34574.0+5048.0j
2016-02-02 18:57:00,34551.0+5044.0j
2016-02-02 18:58:00,34528.0+5006.0j
2016-02-02 18:59:00,34517.0+5006.0j
2016-02-02 19:00:00,34495.0+5002.0j
2016-02-02 19:01:00,34473.0+4998.0j
2016-02-02 19:02:00,34461.0+4997.0j
2016-02-02 19:03:00,34440.0+4960.0j
2016-02-02 19:04:00,34418.0+4956.0j
2016-02-02 19:05:00,34405.0+4954.0j
2016-02-02 19:06:00,34384.0+4952.0j
2016-02-02 19:07:00,34362.0+4948.0j
2016-02-02 19:08:00,34340.0+4911.0j
2016-02-02 19:09:00,34328.0+4909.0j
2016-02-02 19:10:00,34307.0+4905.0j
2016-02-02 19:11:00,34206.0+4892.0j
2016-02-02 19:12:00,34184.0+4890.0j
2016-02-02 19:13:00,34163.0+4884.0j
2016-02-02 19:14:00,34141.0+4848.0j
2016-02-02 19:15:00,34128.0+4846.0j
2016-02-02 19:16:00,34107.0+4843.0j
2016-02-02 19:17:00,34085.0+4840.0j
2016-02-02 19:18:00,34062.0+4837.0j
2016-02-02 19:19:00,33964.0+4824.0j
2016-02-02 19:20:00,33941.0+4819.0j
2016-02-02 19:21:00,33919.0+4783.0j
2016-02-02 19:22:00,33896.0+4780.0j
2016-02-02 19:23:00,33874.0+4775.0j
2016-02-02 19:24:00,33853.0+4773.0j
2016-02-02 19:25:00,33831.0+4770.0j
2016-02-02 19:26:00,33731.0+4756.0j
2016-02-02 19:27:00,33709.0+4753.0j
2016-02-02 19:28:00,33687.0+4751.0j
2016-02-02 19:29:00,33665.0+4747.0j
2016-02-02 19:30:00,33644.0+4743.0j
2016-02-02 19:31:00,33545.0+4696.0j
2016-02-02 19:32:00,33513.0+4692.0j
2016-02-02 19:33:00,33490.0+4688.0j
2016-02-02 19:34:00,33467.0+4685.0j
2016-02-02 19:35:00,33445.0+4683.0j
2016-02-02 19:36:00,33412.0+4678.0j
2016-02-02 19:37:00,33314.0+4664.0j
2016-02-02 19:38:00,33293.0+4661.0j
2016-02-02 19:39:00,33271.0+4658.0j
2016-02-02 19:40:00,33238.0+4652.0j
2016-02-02 19:41:00,33216.0+4650.0j
2016-02-02 19:42:00,33107.0+4635.0j
2016-02-02 19:43:00,33085.0+4631.0j
2016-02-02 19:44:00,33052.0+4628.0j
2016-02-02 19:45:00,33030.0+4625.0j
2016-02-02 19:46:00,32996.0+4652.0j
2016-02-02 19:47:00,32901.0+4639.0j
2016-02-02 19:48:00,32868.0+4635.0j
2016-02-02 19:49:00,32846.0+4631.0j
2016-02-02 19:50:00,32812.0+4627.0j
2016-02-02 19:51:00,32779.0+4622.0j
2016-02-02 19:52:00,32683.0+4608.0j
2016-02-02 19:53:00,32650.0+4604.0j
2016-02-02 19:54:00,32618.0+4631.0j
2016-02-02 19:55:00,32585.0+4628.0j
2016-02-02 19:56:00,32563.0+4624.0j
2016-02-02 19:57:00,32454.0+4609.0j
2016-02-02 19:58:00,32421.0+4604.0j
2016-02-02 19:59:00,32390.0+4631.0j
2016-02-02 20:00:00,32357.0+4628.0j
2016-02-02 20:01:00,32324.0+4623.0j
2016-02-02 20:02:00,32291.0+4650.0j
2016-02-02 20:03:00,32260.0+4645.0j
2016-02-02 20:04:00,32152.0+4630.0j
2016-02-02 20:05:00,32120.0+4658.0j
2016-02-02 20:06:00,32087.0+4652.0j
2016-02-02 20:07:00,32043.0+4647.0j
2016-02-02 20:08:00,32011.0+4673.0j
2016-02-02 20:09:00,31978.0+4669.0j
2016-02-02 20:10:00,31945.0+4664.0j
2016-02-02 20:11:00,31829.0+4679.0j
2016-02-02 20:12:00,31797.0+4674.0j
2016-02-02 20:13:00,31753.0+4699.0j
2016-02-02 20:14:00,31721.0+4694.0j
2016-02-02 20:15:00,31676.0+4720.0j
2016-02-02 20:16:00,31645.0+4715.0j
2016-02-02 20:17:00,31600.0+4740.0j
2016-02-02 20:18:00,31557.0+4734.0j
2016-02-02 20:19:00,31524.0+4761.0j
2016-02-02 20:20:00,31481.0+4753.0j
2016-02-02 20:21:00,31439.0+4779.0j
2016-02-02 20:22:00,31322.0+4761.0j
2016-02-02 20:23:00,31279.0+4786.0j
2016-02-02 20:24:00,31235.0+4810.0j
2016-02-02 20:25:00,31192.0+4803.0j
2016-02-02 20:26:00,31149.0+4828.0j
2016-02-02 20:27:00,31106.0+4851.0j
2016-02-02 20:28:00,31063.0+4846.0j
2016-02-02 20:29:00,31020.0+4870.0j
2016-02-02 20:30:00,30975.0+4894.0j
2016-02-02 20:31:00,30922.0+4885.0j
2016-02-02 20:32:00,30878.0+4909.0j
2016-02-02 20:33:00,30823.0+4932.0j
2016-02-02 20:34:00,30780.0+4925.0j
2016-02-02 20:35:00,30727.0+4947.0j
2016-02-02 20:36:00,30683.0+4971.0j
2016-02-02 20:37:00,30630.0+4993.0j
2016-02-02 20:38:00,30575.0+5015.0j
2016-02-02 20:39:00,30521.0+5006.0j
2016-02-02 20:40:00,30468.0+5028.0j
2016-02-02 20:41:00,30413.0+5049.0j
2016-02-02 20:42:00,30359.0+5070.0j
2016-02-02 20:43:00,30304.0+5091.0j
2016-02-02 20:44:00,30250.0+5112.0j
2016-02-02 20:45:00,30196.0+5104.0j
2016-02-02 20:46:00,30144.0+5124.0j
2016-02-02 20:47:00,30078.0+5144.0j
2016-02-02 20:48:00,30023.0+5164.0j
2016-02-02 20:49:00,29959.0+5182.0j
2016-02-02 20:50:00,29904.0+5203.0j
2016-02-02 20:51:00,29839.0+5222.0j
2016-02-02 20:52:00,29774.0+5240.0j
2016-02-02 20:53:00,29719.0+5261.0j
2016-02-02 20:54:00,29656.0+5278.0j
2016-02-02 20:55:00,29591.0+5297.0j
2016-02-02 20:56:00,29526.0+5314.0j
2016-02-02 20:57:00,29461.0+5333.0j
2016-02-02 20:58:00,29395.0+5350.0j
2016-02-02 20:59:00,29319.0+5366.0j
2016-02-02 21:00:00,29255.0+5383.0j
2016-02-02 21:01:00,29190.0+5401.0j
2016-02-02 21:02:00,29115.0+5415.0j
2016-02-02 21:03:00,29050.0+5433.0j
2016-02-02 21:04:00,28974.0+5447.0j
2016-02-02 21:05:00,28898.0+5461.0j
2016-02-02 21:06:00,28822.0+5504.0j
2016-02-02 21:07:00,28756.0+5521.0j
2016-02-02 21:08:00,28681.0+5536.0j
2016-02-02 21:09:00,28672.0+5561.0j
2016-02-02 21:10:00,28596.0+5576.0j
2016-02-02 21:11:00,28520.0+5590.0j
2016-02-02 21:12:00,28433.0+5601.0j
2016-02-02 21:13:00,28356.0+5615.0j
2016-02-02 21:14:00,28280.0+5656.0j
2016-02-02 21:15:00,28205.0+5669.0j
2016-02-02 21:16:00,28119.0+5681.0j
2016-02-02 21:17:00,28043.0+5692.0j
2016-02-02 21:18:00,27956.0+5703.0j
2016-02-02 21:19:00,27880.0+5716.0j
2016-02-02 21:20:00,27793.0+5754.0j
2016-02-02 21:21:00,27716.0+5765.0j
2016-02-02 21:22:00,27631.0+5775.0j
2016-02-02 21:23:00,27555.0+5787.0j
2016-02-02 21:24:00,27531.0+5809.0j
2016-02-02 21:25:00,27444.0+5819.0j
2016-02-02 21:26:00,27368.0+5857.0j
2016-02-02 21:27:00,27280.0+5865.0j
2016-02-02 21:28:00,27194.0+5875.0j
2016-02-02 21:29:00,27117.0+5885.0j
2016-02-02 21:30:00,27030.0+5892.0j
2016-02-02 21:31:00,26944.0+5901.0j
2016-02-02 21:32:00,26857.0+5909.0j
2016-02-02 21:33:00,26770.0+5916.0j
2016-02-02 21:34:00,26693.0+5925.0j
2016-02-02 21:35:00,26606.0+5960.0j
2016-02-02 21:36:00,26519.0+5967.0j
2016-02-02 21:37:00,26432.0+5974.0j
2016-02-02 21:38:00,26345.0+5980.0j
2016-02-02 21:39:00,26269.0+5989.0j
2016-02-02 21:40:00,26183.0+5996.0j
2016-02-02 21:41:00,26096.0+6001.0j
2016-02-02 21:42:00,26009.0+6008.0j
2016-02-02 21:43:00,25922.0+6014.0j
2016-02-02 21:44:00,25846.0+6022.0j
2016-02-02 21:45:00,25759.0+6028.0j
2016-02-02 21:46:00,25673.0+6034.0j
2016-02-02 21:47:00,25596.0+6041.0j
2016-02-02 21:48:00,25509.0+6046.0j
2016-02-02 21:49:00,25422.0+6026.0j
2016-02-02 21:50:00,25345.0+6032.0j
2016-02-02 21:51:00,25259.0+6036.0j
2016-02-02 21:52:00,25184.0+6044.0j
2016-02-02 21:53:00,25096.0+6048.0j
2016-02-02 21:54:00,25020.0+6055.0j
2016-02-02 21:55:00,24932.0+6034.0j
2016-02-02 21:56:00,24856.0+6041.0j
2016-02-02 21:57:00,24780.0+6046.0j
2016-02-02 21:58:00,24693.0+6049.0j
2016-02-02 21:59:00,24616.0+6031.0j
2016-02-02 22:00:00,24541.0+6036.0j
2016-02-02 22:01:00,24465.0+6043.0j
2016-02-02 22:02:00,24389.0+6023.0j
2016-02-02 22:03:00,24313.0+6029.0j
2016-02-02 22:04:00,24236.0+6011.0j
2016-02-02 22:05:00,24160.0+6015.0j
2016-02-02 22:06:00,24028.0+5983.0j
2016-02-02 22:07:00,23952.0+5988.0j
2016-02-02 22:08:00,23889.0+5972.0j
2016-02-02 22:09:00,23813.0+5977.0j
2016-02-02 22:10:00,23737.0+5958.0j
2016-02-02 22:11:00,23671.0+5966.0j
2016-02-02 22:12:00,23595.0+5946.0j
2016-02-02 22:13:00,23530.0+5953.0j
2016-02-02 22:14:00,23400.0+5920.0j
2016-02-02 22:15:00,23335.0+5903.0j
2016-02-02 22:16:00,23259.0+5909.0j
2016-02-02 22:17:00,23194.0+5891.0j
2016-02-02 22:18:00,23129.0+5875.0j
2016-02-02 22:19:00,23064.0+5857.0j
2016-02-02 22:20:00,22946.0+5851.0j
2016-02-02 22:21:00,22881.0+5835.0j
2016-02-02 22:22:00,22817.0+5819.0j
2016-02-02 22:23:00,22752.0+5802.0j
2016-02-02 22:24:00,22687.0+5808.0j
2016-02-02 22:25:00,22570.0+5778.0j
2016-02-02 22:26:00,22505.0+5761.0j
2016-02-02 22:27:00,22440.0+5745.0j
2016-02-02 22:28:00,22375.0+5728.0j
2016-02-02 22:29:00,22322.0+5737.0j
2016-02-02 22:30:00,22205.0+5706.0j
2016-02-02 22:31:00,22141.0+5691.0j
2016-02-02 22:32:00,22087.0+5676.0j
2016-02-02 22:33:00,22023.0+5660.0j
2016-02-02 22:34:00,21969.0+5646.0j
2016-02-02 22:35:00,21853.0+5615.0j
2016-02-02 22:36:00,21800.0+5602.0j
2016-02-02 22:37:00,21746.0+5588.0j
2016-02-02 22:38:00,21681.0+5594.0j
2016-02-02 22:39:00,21629.0+5580.0j
2016-02-02 22:40:00,21523.0+5553.0j
2016-02-02 22:41:00,21471.0+5539.0j
2016-02-02 22:42:00,21406.0+5523.0j
2016-02-02 22:43:00,21353.0+5510.0j
2016-02-02 22:44:00,21249.0+5482.0j
2016-02-02 22:45:00,21196.0+5469.0j
2016-02-02 22:46:00,21143.0+5455.0j
2016-02-02 22:47:00,21089.0+5441.0j
2016-02-02 22:48:00,21047.0+5430.0j
2016-02-02 22:49:00,20944.0+5403.0j
2016-02-02 22:50:00,20891.0+5390.0j
2016-02-02 22:51:00,20838.0+5376.0j
2016-02-02 22:52:00,20784.0+5362.0j
2016-02-02 22:53:00,20693.0+5338.0j
2016-02-02 22:54:00,20639.0+5346.0j
2016-02-02 22:55:00,20586.0+5333.0j
2016-02-02 22:56:00,20544.0+5321.0j
2016-02-02 22:57:00,20491.0+5307.0j
2016-02-02 22:58:00,20400.0+5283.0j
2016-02-02 22:59:00,20348.0+5270.0j
2016-02-02 23:00:00,20306.0+5259.0j
2016-02-02 23:01:00,20262.0+5248.0j
2016-02-02 23:02:00,20210.0+5235.0j
2016-02-02 23:03:00,20120.0+5211.0j
2016-02-02 23:04:00,20076.0+5200.0j
2016-02-02 23:05:00,20025.0+5207.0j
2016-02-02 23:06:00,19982.0+5195.0j
2016-02-02 23:07:00,19941.0+5185.0j
2016-02-02 23:08:00,19851.0+5161.0j
2016-02-02 23:09:00,19807.0+5150.0j
2016-02-02 23:10:00,19766.0+5139.0j
2016-02-02 23:11:00,19724.0+5128.0j
2016-02-02 23:12:00,19682.0+5117.0j
2016-02-02 23:13:00,19639.0+5126.0j
2016-02-02 23:14:00,19551.0+5103.0j
2016-02-02 23:15:00,19509.0+5091.0j
2016-02-02 23:16:00,19467.0+5081.0j
2016-02-02 23:17:00,19434.0+5072.0j
2016-02-02 23:18:00,19394.0+5061.0j
2016-02-02 23:19:00,19351.0+5070.0j
2016-02-02 23:20:00,19263.0+5047.0j
2016-02-02 23:21:00,19231.0+5038.0j
2016-02-02 23:22:00,19190.0+5028.0j
2016-02-02 23:23:00,19157.0+5020.0j
2016-02-02 23:24:00,19117.0+5008.0j
2016-02-02 23:25:00,19084.0+5019.0j
2016-02-02 23:26:00,18997.0+4995.0j
2016-02-02 23:27:00,18965.0+4988.0j
2016-02-02 23:28:00,18923.0+4977.0j
2016-02-02 23:29:00,18891.0+4968.0j
2016-02-02 23:30:00,18861.0+4980.0j
2016-02-02 23:31:00,18819.0+4968.0j
2016-02-02 23:32:00,18787.0+4960.0j
2016-02-02 23:33:00,18711.0+4940.0j
2016-02-02 23:34:00,18680.0+4932.0j
2016-02-02 23:35:00,18648.0+4941.0j
2016-02-02 23:36:00,18617.0+4934.0j
2016-02-02 23:37:00,18586.0+4925.0j
2016-02-02 23:38:00,18554.0+4917.0j
2016-02-02 23:39:00,18523.0+4909.0j
2016-02-02 23:40:00,18491.0+4919.0j
2016-02-02 23:41:00,18461.0+4911.0j
2016-02-02 23:42:00,18386.0+4890.0j
2016-02-02 23:43:00,18353.0+4882.0j
2016-02-02 23:44:00,18333.0+4876.0j
2016-02-02 23:45:00,18302.0+4869.0j
2016-02-02 23:46:00,18270.0+4879.0j
2016-02-02 23:47:00,18249.0+4872.0j
2016-02-02 23:48:00,18219.0+4864.0j
2016-02-02 23:49:00,18187.0+4857.0j
2016-02-02 23:50:00,18166.0+4850.0j
2016-02-02 23:51:00,18146.0+4862.0j
2016-02-02 23:52:00,18113.0+4854.0j
2016-02-02 23:53:00,18050.0+4837.0j
2016-02-02 23:54:00,18018.0+4829.0j
2016-02-02 23:55:00,17998.0+4824.0j
2016-02-02 23:56:00,17978.0+4818.0j
2016-02-02 23:57:00,17945.0+4827.0j
2016-02-02 23:58:00,17925.0+4822.0j
2016-02-02 23:59:00,17904.0+4816.0j
2016-02-03 00:00:00,17883.0+4811.0j
2016-02-03 00:01:00,17862.0+4804.0j
2016-02-03 00:02:00,17842.0+4799.0j
2016-02-03 00:03:00,17821.0+4794.0j
2016-02-03 00:04:00,17801.0+4806.0j
2016-02-03 00:05:00,17779.0+4801.0j
2016-02-03 00:06:00,17759.0+4794.0j
2016-02-03 00:07:00,17738.0+4789.0j
2016-02-03 00:08:00,17717.0+4783.0j
2016-02-03 00:09:00,17705.0+4781.0j
2016-02-03 00:10:00,17685.0+4775.0j
2016-02-03 00:11:00,17665.0+4769.0j
2016-02-03 00:12:00,17655.0+4767.0j
2016-02-03 00:13:00,17592.0+4768.0j
2016-02-03 00:14:00,17570.0+4761.0j
2016-02-03 00:15:00,17560.0+4759.0j
2016-02-03 00:16:00,17539.0+4753.0j
2016-02-03 00:17:00,17529.0+4751.0j
2016-02-03 00:18:00,17509.0+4746.0j
2016-02-03 00:19:00,17498.0+4741.0j
2016-02-03 00:20:00,17477.0+4737.0j
2016-02-03 00:21:00,17466.0+4734.0j
2016-02-03 00:22:00,17446.0+4728.0j
2016-02-03 00:23:00,17436.0+4726.0j
2016-02-03 00:24:00,17425.0+4723.0j
2016-02-03 00:25:00,17415.0+4720.0j
2016-02-03 00:26:00,17395.0+4731.0j
2016-02-03 00:27:00,17383.0+4728.0j
2016-02-03 00:28:00,17373.0+4726.0j
2016-02-03 00:29:00,17362.0+4724.0j
2016-02-03 00:30:00,17341.0+4718.0j
2016-02-03 00:31:00,17332.0+4715.0j
2016-02-03 00:32:00,17322.0+4712.0j
2016-02-03 00:33:00,17312.0+4709.0j
2016-02-03 00:34:00,17300.0+4706.0j
2016-02-03 00:35:00,17290.0+4703.0j
2016-02-03 00:36:00,17280.0+4700.0j
2016-02-03 00:37:00,17270.0+4697.0j
2016-02-03 00:38:00,17259.0+4694.0j
2016-02-03 00:39:00,17249.0+4692.0j
2016-02-03 00:40:00,17238.0+4689.0j
2016-02-03 00:41:00,17229.0+4685.0j
2016-02-03 00:42:00,17218.0+4683.0j
2016-02-03 00:43:00,17207.0+4680.0j
2016-02-03 00:44:00,17196.0+4677.0j
2016-02-03 00:45:00,17186.0+4675.0j
2016-02-03 00:46:00,17175.0+4672.0j
2016-02-03 00:47:00,17166.0+4670.0j
2016-02-03 00:48:00,17166.0+4685.0j
2016-02-03 00:49:00,17156.0+4683.0j
2016-02-03 00:50:00,17146.0+4680.0j
2016-02-03 00:51:00,17135.0+4678.0j
2016-02-03 00:52:00,17125.0+4675.0j
2016-02-03 00:53:00,17114.0+4672.0j
2016-02-03 00:54:00,17114.0+4672.0j
2016-02-03 00:55:00,17104.0+4670.0j
2016-02-03 00:56:00,17093.0+4666.0j
2016-02-03 00:57:00,17083.0+4663.0j
2016-02-03 00:58:00,17083.0+4663.0j
2016-02-03 00:59:00,17072.0+4661.0j
2016-02-03 01:00:00,17062.0+4658.0j
2016-02-03 01:01:00,17052.0+4655.0j
2016-02-03 01:02:00,17052.0+4655.0j
2016-02-03 01:03:00,17042.0+4652.0j
2016-02-03 01:04:00,17030.0+4650.0j
2016-02-03 01:05:00,17020.0+4648.0j
2016-02-03 01:06:00,17020.0+4648.0j
2016-02-03 01:07:00,17009.0+4644.0j
2016-02-03 01:08:00,17000.0+4641.0j
2016-02-03 01:09:00,16990.0+4638.0j
2016-02-03 01:10:00,16990.0+4638.0j
2016-02-03 01:11:00,16980.0+4636.0j
2016-02-03 01:12:00,16969.0+4650.0j
2016-02-03 01:13:00,16969.0+4650.0j
2016-02-03 01:14:00,16959.0+4648.0j
2016-02-03 01:15:00,16949.0+4644.0j
2016-02-03 01:16:00,16949.0+4644.0j
2016-02-03 01:17:00,16897.0+4630.0j
2016-02-03 01:18:00,16886.0+4628.0j
2016-02-03 01:19:00,16876.0+4624.0j
2016-02-03 01:20:00,16876.0+4624.0j
2016-02-03 01:21:00,16865.0+4621.0j
2016-02-03 01:22:00,16855.0+4617.0j
2016-02-03 01:23:00,16855.0+4617.0j
2016-02-03 01:24:00,16845.0+4615.0j
2016-02-03 01:25:00,16836.0+4613.0j
2016-02-03 01:26:00,16836.0+4613.0j
2016-02-03 01:27:00,16824.0+4609.0j
2016-02-03 01:28:00,16814.0+4607.0j
2016-02-03 01:29:00,16814.0+4607.0j
2016-02-03 01:30:00,16803.0+4604.0j
2016-02-03 01:31:00,16803.0+4604.0j
2016-02-03 01:32:00,16794.0+4602.0j
2016-02-03 01:33:00,16783.0+4615.0j
2016-02-03 01:34:00,16783.0+4615.0j
2016-02-03 01:35:00,16773.0+4613.0j
2016-02-03 01:36:00,16762.0+4609.0j
2016-02-03 01:37:00,16762.0+4609.0j
2016-02-03 01:38:00,16752.0+4607.0j
2016-02-03 01:39:00,16742.0+4604.0j
2016-02-03 01:40:00,16742.0+4604.0j
2016-02-03 01:41:00,16691.0+4590.0j
2016-02-03 01:42:00,16680.0+4587.0j
2016-02-03 01:43:00,16680.0+4587.0j
2016-02-03 01:44:00,16670.0+4584.0j
2016-02-03 01:45:00,16670.0+4584.0j
2016-02-03 01:46:00,16660.0+4582.0j
2016-02-03 01:47:00,16650.0+4580.0j
2016-02-03 01:48:00,16650.0+4580.0j
2016-02-03 01:49:00,16639.0+4576.0j
2016-02-03 01:50:00,16629.0+4573.0j
2016-02-03 01:51:00,16629.0+4573.0j
2016-02-03 01:52:00,16618.0+4570.0j
2016-02-03 01:53:00,16609.0+4568.0j
2016-02-03 01:54:00,16609.0+4568.0j
2016-02-03 01:55:00,16598.0+4565.0j
2016-02-03 01:56:00,16598.0+4565.0j
2016-02-03 01:57:00,16588.0+4561.0j
2016-02-03 01:58:00,16576.0+4559.0j
2016-02-03 01:59:00,16576.0+4559.0j
2016-02-03 02:00:00,16566.0+4556.0j
2016-02-03 02:01:00,16556.0+4553.0j
2016-02-03 02:02:00,16556.0+4553.0j
2016-02-03 02:03:00,16546.0+4550.0j
2016-02-03 02:04:00,16536.0+4547.0j
2016-02-03 02:05:00,16536.0+4547.0j
2016-02-03 02:06:00,16526.0+4544.0j
2016-02-03 02:07:00,16526.0+4544.0j
2016-02-03 02:08:00,16515.0+4541.0j
2016-02-03 02:09:00,16506.0+4539.0j
2016-02-03 02:10:00,16506.0+4539.0j
2016-02-03 02:11:00,16495.0+4536.0j
2016-02-03 02:12:00,16485.0+4533.0j
2016-02-03 02:13:00,16485.0+4533.0j
2016-02-03 02:14:00,16473.0+4531.0j
2016-02-03 02:15:00,16473.0+4531.0j
2016-02-03 02:16:00,16463.0+4527.0j
2016-02-03 02:17:00,16453.0+4525.0j
2016-02-03 02:18:00,16453.0+4525.0j
2016-02-03 02:19:00,16443.0+4521.0j
2016-02-03 02:20:00,16443.0+4506.0j
2016-02-03 02:21:00,16432.0+4504.0j
2016-02-03 02:22:00,16432.0+4504.0j
2016-02-03 02:23:00,16422.0+4499.0j
2016-02-03 02:24:00,16411.0+4497.0j
2016-02-03 02:25:00,16411.0+4497.0j
2016-02-03 02:26:00,16402.0+4494.0j
2016-02-03 02:27:00,16402.0+4494.0j
2016-02-03 02:28:00,16402.0+4494.0j
2016-02-03 02:29:00,16392.0+4492.0j
2016-02-03 02:30:00,16392.0+4492.0j
2016-02-03 02:31:00,16382.0+4489.0j
2016-02-03 02:32:00,16382.0+4489.0j
2016-02-03 02:33:00,16371.0+4486.0j
2016-02-03 02:34:00,16371.0+4486.0j
2016-02-03 02:35:00,16371.0+4486.0j
2016-02-03 02:36:00,16360.0+4484.0j
2016-02-03 02:37:00,16360.0+4484.0j
2016-02-03 02:38:00,16360.0+4484.0j
2016-02-03 02:39:00,16350.0+4480.0j
2016-02-03 02:40:00,16350.0+4480.0j
2016-02-03 02:41:00,16350.0+4480.0j
2016-02-03 02:42:00,16350.0+4480.0j
2016-02-03 02:43:00,16340.0+4476.0j
2016-02-03 02:44:00,16340.0+4476.0j
2016-02-03 02:45:00,16340.0+4476.0j
2016-02-03 02:46:00,16340.0+4476.0j
2016-02-03 02:47:00,16340.0+4476.0j
2016-02-03 02:48:00,16340.0+4476.0j
2016-02-03 02:49:00,16340.0+4476.0j
2016-02-03 02:50:00,16340.0+4476.0j
2016-02-03 02:51:00,16340.0+4476.0j
2016-02-03 02:52:00,16340.0+4476.0j
2016-02-03 02:53:00,16340.0+4476.0j
2016-02-03 02:54:00,16340.0+4476.0j
2016-02-03 02:55:00,16340.0+4476.0j
2016-02-03 02:56:00,16340.0+4476.0j
2016-02-03 02:57:00,16340.0+4476.0j
2016-02-03 02:58:00,16350.0+4480.0j
2016-02-03 02:59:00,16350.0+4480.0j
2016-02-03 03:00:00,16350.0+4480.0j
2016-02-03 03:01:00,16350.0+4480.0j
2016-02-03 03:02:00,16360.0+4484.0j
2016-02-03 03:03:00,16360.0+4484.0j
2016-02-03 03:04:00,16360.0+4484.0j
2016-02-03 03:05:00,16371.0+4486.0j
2016-02-03 03:06:00,16371.0+4486.0j
2016-02-03 03:07:00,16382.0+4489.0j
2016-02-03 03:08:00,16382.0+4489.0j
2016-02-03 03:09:00,16392.0+4508.0j
2016-02-03 03:10:00,16392.0+4508.0j
2016-02-03 03:11:00,16362.0+4499.0j
2016-02-03 03:12:00,16362.0+4499.0j
2016-02-03 03:13:00,16373.0+4503.0j
2016-02-03 03:14:00,16383.0+4506.0j
2016-02-03 03:15:00,16383.0+4506.0j
2016-02-03 03:16:00,16393.0+4508.0j
2016-02-03 03:17:00,16403.0+4511.0j
2016-02-03 03:18:00,16403.0+4511.0j
2016-02-03 03:19:00,16414.0+4514.0j
2016-02-03 03:20:00,16424.0+4533.0j
2016-02-03 03:21:00,16434.0+4536.0j
2016-02-03 03:22:00,16434.0+4536.0j
2016-02-03 03:23:00,16444.0+4539.0j
2016-02-03 03:24:00,16455.0+4541.0j
2016-02-03 03:25:00,16465.0+4544.0j
2016-02-03 03:26:00,16476.0+4547.0j
2016-02-03 03:27:00,16445.0+4539.0j
2016-02-03 03:28:00,16445.0+4539.0j
2016-02-03 03:29:00,16455.0+4559.0j
2016-02-03 03:30:00,16465.0+4561.0j
2016-02-03 03:31:00,16476.0+4564.0j
2016-02-03 03:32:00,16486.0+4566.0j
2016-02-03 03:33:00,16497.0+4569.0j
2016-02-03 03:34:00,16507.0+4572.0j
2016-02-03 03:35:00,16518.0+4575.0j
2016-02-03 03:36:00,16528.0+4579.0j
2016-02-03 03:37:00,16539.0+4597.0j
2016-02-03 03:38:00,16548.0+4601.0j
2016-02-03 03:39:00,16559.0+4603.0j
2016-02-03 03:40:00,16559.0+4603.0j
2016-02-03 03:41:00,16569.0+4607.0j
2016-02-03 03:42:00,16579.0+4609.0j
2016-02-03 03:43:00,16589.0+4612.0j
2016-02-03 03:44:00,16599.0+4615.0j
2016-02-03 03:45:00,16609.0+4617.0j
2016-02-03 03:46:00,16620.0+4637.0j
2016-02-03 03:47:00,16630.0+4640.0j
2016-02-03 03:48:00,16641.0+4642.0j
2016-02-03 03:49:00,16651.0+4645.0j
2016-02-03 03:50:00,16662.0+4648.0j
2016-02-03 03:51:00,16672.0+4651.0j
2016-02-03 03:52:00,16683.0+4655.0j
2016-02-03 03:53:00,16692.0+4658.0j
2016-02-03 03:54:00,16703.0+4660.0j
2016-02-03 03:55:00,16713.0+4680.0j
2016-02-03 03:56:00,16722.0+4683.0j
2016-02-03 03:57:00,16722.0+4683.0j
2016-02-03 03:58:00,16732.0+4685.0j
2016-02-03 03:59:00,16742.0+4688.0j
2016-02-03 04:00:00,16753.0+4691.0j
2016-02-03 04:01:00,16763.0+4693.0j
2016-02-03 04:02:00,16775.0+4697.0j
2016-02-03 04:03:00,16775.0+4697.0j
2016-02-03 04:04:00,16784.0+4699.0j
2016-02-03 04:05:00,16795.0+4703.0j
2016-02-03 04:06:00,16805.0+4705.0j
2016-02-03 04:07:00,16856.0+4737.0j
2016-02-03 04:08:00,16866.0+4740.0j
2016-02-03 04:09:00,16866.0+4740.0j
2016-02-03 04:10:00,16876.0+4742.0j
2016-02-03 04:11:00,16886.0+4746.0j
2016-02-03 04:12:00,16897.0+4748.0j
2016-02-03 04:13:00,16908.0+4751.0j
2016-02-03 04:14:00,16908.0+4751.0j
2016-02-03 04:15:00,16918.0+4753.0j
2016-02-03 04:16:00,16969.0+4769.0j
2016-02-03 04:17:00,16980.0+4772.0j
2016-02-03 04:18:00,16990.0+4774.0j
2016-02-03 04:19:00,17001.0+4776.0j
2016-02-03 04:20:00,17010.0+4781.0j
2016-02-03 04:21:00,17010.0+4781.0j
2016-02-03 04:22:00,17021.0+4783.0j
2016-02-03 04:23:00,17072.0+4796.0j
2016-02-03 04:24:00,17083.0+4801.0j
2016-02-03 04:25:00,17093.0+4803.0j
2016-02-03 04:26:00,17104.0+4806.0j
2016-02-03 04:27:00,17114.0+4808.0j
2016-02-03 04:28:00,17135.0+4815.0j
2016-02-03 04:29:00,17186.0+4829.0j
2016-02-03 04:30:00,17196.0+4831.0j
2016-02-03 04:31:00,17207.0+4836.0j
2016-02-03 04:32:00,17218.0+4838.0j
2016-02-03 04:33:00,17238.0+4844.0j
2016-02-03 04:34:00,17290.0+4859.0j
2016-02-03 04:35:00,17301.0+4862.0j
2016-02-03 04:36:00,17322.0+4868.0j
2016-02-03 04:37:00,17332.0+4870.0j
2016-02-03 04:38:00,17352.0+4876.0j
2016-02-03 04:39:00,17406.0+4892.0j
2016-02-03 04:40:00,17426.0+4879.0j
2016-02-03 04:41:00,17436.0+4882.0j
2016-02-03 04:42:00,17458.0+4889.0j
2016-02-03 04:43:00,17478.0+4894.0j
2016-02-03 04:44:00,17541.0+4912.0j
2016-02-03 04:45:00,17551.0+4914.0j
2016-02-03 04:46:00,17572.0+4919.0j
2016-02-03 04:47:00,17594.0+4927.0j
2016-02-03 04:48:00,17614.0+4932.0j
2016-02-03 04:49:00,17678.0+4949.0j
2016-02-03 04:50:00,17709.0+4958.0j
2016-02-03 04:51:00,17730.0+4947.0j
2016-02-03 04:52:00,17751.0+4952.0j
2016-02-03 04:53:00,17814.0+4970.0j
2016-02-03 04:54:00,17846.0+4980.0j
2016-02-03 04:55:00,17867.0+4985.0j
2016-02-03 04:56:00,17899.0+4993.0j
2016-02-03 04:57:00,17929.0+5003.0j
2016-02-03 04:58:00,17993.0+5003.0j
2016-02-03 04:59:00,18026.0+5011.0j
2016-02-03 05:00:00,18056.0+5020.0j
2016-02-03 05:01:00,18089.0+5028.0j
2016-02-03 05:02:00,18119.0+5037.0j
2016-02-03 05:03:00,18194.0+5040.0j
2016-02-03 05:04:00,18227.0+5049.0j
2016-02-03 05:05:00,18268.0+5061.0j
2016-02-03 05:06:00,18300.0+5069.0j
2016-02-03 05:07:00,18332.0+5078.0j
2016-02-03 05:08:00,18419.0+5083.0j
2016-02-03 05:09:00,18459.0+5096.0j
2016-02-03 05:10:00,18491.0+5104.0j
2016-02-03 05:11:00,18534.0+5116.0j
2016-02-03 05:12:00,18576.0+5109.0j
2016-02-03 05:13:00,18663.0+5132.0j
2016-02-03 05:14:00,18705.0+5145.0j
2016-02-03 05:15:00,18746.0+5156.0j
2016-02-03 05:16:00,18790.0+5167.0j
2016-02-03 05:17:00,18832.0+5160.0j
2016-02-03 05:18:00,18919.0+5183.0j
2016-02-03 05:19:00,18961.0+5195.0j
2016-02-03 05:20:00,19014.0+5210.0j
2016-02-03 05:21:00,19056.0+5202.0j
2016-02-03 05:22:00,19100.0+5214.0j
2016-02-03 05:23:00,19198.0+5241.0j
2016-02-03 05:24:00,19241.0+5252.0j
2016-02-03 05:25:00,19294.0+5248.0j
2016-02-03 05:26:00,19346.0+5262.0j
2016-02-03 05:27:00,19399.0+5278.0j
2016-02-03 05:28:00,19489.0+5282.0j
2016-02-03 05:29:00,19542.0+5296.0j
2016-02-03 05:30:00,19595.0+5311.0j
2016-02-03 05:31:00,19649.0+5325.0j
2016-02-03 05:32:00,19702.0+5319.0j
2016-02-03 05:33:00,19755.0+5334.0j
2016-02-03 05:34:00,19855.0+5360.0j
2016-02-03 05:35:00,19908.0+5376.0j
2016-02-03 05:36:00,19962.0+5370.0j
2016-02-03 05:37:00,20027.0+5387.0j
2016-02-03 05:38:00,20080.0+5401.0j
2016-02-03 05:39:00,20133.0+5416.0j
2016-02-03 05:40:00,20234.0+5423.0j
2016-02-03 05:41:00,20299.0+5440.0j
2016-02-03 05:42:00,20351.0+5455.0j
2016-02-03 05:43:00,20417.0+5471.0j
2016-02-03 05:44:00,20470.0+5466.0j
2016-02-03 05:45:00,20535.0+5482.0j
2016-02-03 05:46:00,20589.0+5497.0j
2016-02-03 05:47:00,20700.0+5527.0j
2016-02-03 05:48:00,20755.0+5520.0j
2016-02-03 05:49:00,20818.0+5537.0j
2016-02-03 05:50:00,20883.0+5555.0j
2016-02-03 05:51:00,20936.0+5569.0j
2016-02-03 05:52:00,21002.0+5587.0j
2016-02-03 05:53:00,21066.0+5582.0j
2016-02-03 05:54:00,21131.0+5600.0j
2016-02-03 05:55:00,21195.0+5616.0j
2016-02-03 05:56:00,21299.0+5644.0j
2016-02-03 05:57:00,21363.0+5661.0j
2016-02-03 05:58:00,21427.0+5656.0j
2016-02-03 05:59:00,21493.0+5674.0j
2016-02-03 06:00:00,21556.0+5691.0j
2016-02-03 06:01:00,21622.0+5709.0j
2016-02-03 06:02:00,21686.0+5725.0j
2016-02-03 06:03:00,21751.0+5743.0j
2016-02-03 06:04:00,21815.0+5737.0j
2016-02-03 06:05:00,21879.0+5754.0j
2016-02-03 06:06:00,21996.0+5785.0j
2016-02-03 06:07:00,22061.0+5802.0j
2016-02-03 06:08:00,22125.0+5820.0j
2016-02-03 06:09:00,22189.0+5836.0j
2016-02-03 06:10:00,22255.0+5853.0j
2016-02-03 06:11:00,22320.0+5847.0j
2016-02-03 06:12:00,22385.0+5865.0j
2016-02-03 06:13:00,22450.0+5882.0j
2016-02-03 06:14:00,22514.0+5898.0j
2016-02-03 06:15:00,22579.0+5915.0j
2016-02-03 06:16:00,22643.0+5933.0j
2016-02-03 06:17:00,22708.0+5950.0j
2016-02-03 06:18:00,22774.0+5966.0j
2016-02-03 06:19:00,22837.0+5983.0j
2016-02-03 06:20:00,22903.0+6001.0j
2016-02-03 06:21:00,22957.0+5991.0j
2016-02-03 06:22:00,23021.0+6009.0j
2016-02-03 06:23:00,23086.0+6026.0j
2016-02-03 06:24:00,23152.0+6042.0j
2016-02-03 06:25:00,23215.0+6059.0j
2016-02-03 06:26:00,23324.0+6088.0j
2016-02-03 06:27:00,23389.0+6104.0j
2016-02-03 06:28:00,23454.0+6122.0j
2016-02-03 06:29:00,23507.0+6135.0j
2016-02-03 06:30:00,23573.0+6153.0j
2016-02-03 06:31:00,23638.0+6170.0j
2016-02-03 06:32:00,23691.0+6184.0j
2016-02-03 06:33:00,23757.0+6177.0j
2016-02-03 06:34:00,23811.0+6191.0j
2016-02-03 06:35:00,23865.0+6205.0j
2016-02-03 06:36:00,23930.0+6222.0j
2016-02-03 06:37:00,23984.0+6235.0j
2016-02-03 06:38:00,24038.0+6250.0j
2016-02-03 06:39:00,24092.0+6264.0j
2016-02-03 06:40:00,24147.0+6278.0j
2016-02-03 06:41:00,24212.0+6296.0j
2016-02-03 06:42:00,24265.0+6309.0j
2016-02-03 06:43:00,24309.0+6296.0j
2016-02-03 06:44:00,24364.0+6310.0j
2016-02-03 06:45:00,24416.0+6324.0j
2016-02-03 06:46:00,24470.0+6338.0j
2016-02-03 06:47:00,24515.0+6349.0j
2016-02-03 06:48:00,24568.0+6364.0j
2016-02-03 06:49:00,24612.0+6374.0j
2016-02-03 06:50:00,24667.0+6388.0j
2016-02-03 06:51:00,24710.0+6374.0j
2016-02-03 06:52:00,24753.0+6386.0j
2016-02-03 06:53:00,24795.0+6398.0j
2016-02-03 06:54:00,24850.0+6412.0j
2016-02-03 06:55:00,24893.0+6422.0j
2016-02-03 06:56:00,24925.0+6432.0j
2016-02-03 06:57:00,24969.0+6442.0j
2016-02-03 06:58:00,25012.0+6429.0j
2016-02-03 06:59:00,25045.0+6436.0j
2016-02-03 07:00:00,25088.0+6447.0j
2016-02-03 07:01:00,25121.0+6456.0j
2016-02-03 07:02:00,25164.0+6467.0j
2016-02-03 07:03:00,25197.0+6450.0j
2016-02-03 07:04:00,25229.0+6459.0j
2016-02-03 07:05:00,25262.0+6467.0j
2016-02-03 07:06:00,25295.0+6475.0j
2016-02-03 07:07:00,25326.0+6457.0j
2016-02-03 07:08:00,25358.0+6467.0j
2016-02-03 07:09:00,25379.0+6472.0j
2016-02-03 07:10:00,25412.0+6480.0j
2016-02-03 07:11:00,25434.0+6485.0j
2016-02-03 07:12:00,25467.0+6469.0j
2016-02-03 07:13:00,25488.0+6475.0j
2016-02-03 07:14:00,24911.0+6329.0j
2016-02-03 07:15:00,24933.0+6333.0j
2016-02-03 07:16:00,24556.0+6213.0j
2016-02-03 07:17:00,24190.0+6120.0j
2016-02-03 07:18:00,24400.0+6173.0j
2016-02-03 07:19:00,24023.0+6054.0j
2016-02-03 07:20:00,23647.0+5958.0j
2016-02-03 07:21:00,23868.0+6014.0j
2016-02-03 07:22:00,23690.0+5970.0j
2016-02-03 07:23:00,23301.0+5849.0j
2016-02-03 07:24:00,23125.0+5804.0j
2016-02-03 07:25:00,23135.0+5806.0j
2016-02-03 07:26:00,22957.0+5761.0j
2016-02-03 07:27:00,22769.0+5691.0j
2016-02-03 07:28:00,22580.0+5645.0j
2016-02-03 07:29:00,22402.0+5601.0j
2016-02-03 07:30:00,22214.0+5553.0j
2016-02-03 07:31:00,22025.0+5484.0j
2016-02-03 07:32:00,21836.0+5437.0j
2016-02-03 07:33:00,21647.0+5390.0j
2016-02-03 07:34:00,21858.0+5444.0j
2016-02-03 07:35:00,21670.0+5395.0j
2016-02-03 07:36:00,21480.0+5327.0j
2016-02-03 07:37:00,21292.0+5281.0j
2016-02-03 07:38:00,21104.0+5235.0j
2016-02-03 07:39:00,21115.0+5237.0j
2016-02-03 07:40:00,20915.0+5187.0j
2016-02-03 07:41:00,20727.0+5119.0j
2016-02-03 07:42:00,20538.0+5073.0j
2016-02-03 07:43:00,20338.0+5023.0j
2016-02-03 07:44:00,20349.0+5026.0j
2016-02-03 07:45:00,20161.0+4980.0j
2016-02-03 07:46:00,20115.0+4968.0j
2016-02-03 07:47:00,21915.0+5414.0j
2016-02-03 07:48:00,20722.0+5098.0j
2016-02-03 07:49:00,20335.0+5003.0j
2016-02-03 07:50:00,17561.0+4320.0j
2016-02-03 07:51:00,17561.0+4320.0j
2016-02-03 07:52:00,17174.0+4225.0j
2016-02-03 07:53:00,17970.0+4421.0j
2016-02-03 07:54:00,17373.0+4274.0j
2016-02-03 07:55:00,17186.0+4228.0j
2016-02-03 07:56:00,17582.0+4326.0j
2016-02-03 07:57:00,15966.0+3927.0j
2016-02-03 07:58:00,14972.0+3684.0j
2016-02-03 07:59:00,15777.0+3881.0j
2016-02-03 08:00:00,15578.0+3832.0j
2016-02-03 08:01:00,12999.0+3198.0j
2016-02-03 08:02:00,13605.0+3347.0j
2016-02-03 08:03:00,12612.0+3102.0j
2016-02-03 08:04:00,10615.0+2611.0j
2016-02-03 08:05:00,10615.0+2611.0j
2016-02-03 08:06:00,11010.0+2720.0j
2016-02-03 08:07:00,11219.0+2771.0j
2016-02-03 08:08:00,11813.0+2919.0j
2016-02-03 08:09:00,11626.0+2871.0j
2016-02-03 08:10:00,11402.0+2816.0j
2016-02-03 08:11:00,12400.0+3063.0j
2016-02-03 08:12:00,12992.0+3209.0j
2016-02-03 08:13:00,12992.0+3222.0j
2016-02-03 08:14:00,11225.0+2784.0j
2016-02-03 08:15:00,11790.0+2923.0j
2016-02-03 08:16:00,12195.0+3024.0j
2016-02-03 08:17:00,12195.0+3024.0j
2016-02-03 08:18:00,11614.0+2880.0j
2016-02-03 08:19:00,10827.0+2695.0j
2016-02-03 08:20:00,9621.0+2396.0j
2016-02-03 08:21:00,10222.0+2545.0j
2016-02-03 08:22:00,9436.0+2349.0j
2016-02-03 08:23:00,9053.0+2254.0j
2016-02-03 08:24:00,8267.0+2067.0j
2016-02-03 08:25:00,6296.0+1574.0j
2016-02-03 08:26:00,9827.0+2457.0j
2016-02-03 08:27:00,9631.0+2406.0j
2016-02-03 08:28:00,9838.0+2459.0j
2016-02-03 08:29:00,11407.0+2852.0j
2016-02-03 08:30:00,9433.0+2368.0j
2016-02-03 08:31:00,8650.0+2171.0j
2016-02-03 08:32:00,9640.0+2420.0j
2016-02-03 08:33:00,10228.0+2567.0j
2016-02-03 08:34:00,9237.0+2319.0j
2016-02-03 08:35:00,10603.0+2661.0j
2016-02-03 08:36:00,10224.0+2567.0j
2016-02-03 08:37:00,7100.0+1782.0j
2016-02-03 08:38:00,9259.0+2324.0j
2016-02-03 08:39:00,9431.0+2377.0j
2016-02-03 08:40:00,5158.0+1300.0j
2016-02-03 08:41:00,5547.0+1398.0j
2016-02-03 08:42:00,5947.0+1499.0j
2016-02-03 08:43:00,4779.0+1205.0j
2016-02-03 08:44:00,10218.0+2576.0j
2016-02-03 08:45:00,8081.0+2028.0j
2016-02-03 08:46:00,8285.0+2080.0j
2016-02-03 08:47:00,9064.0+2275.0j
2016-02-03 08:48:00,6742.0+1692.0j
2016-02-03 08:49:00,4216.0+1059.0j
2016-02-03 08:50:00,4022.0+1010.0j
2016-02-03 08:51:00,3644.0+915.0j
2016-02-03 08:52:00,3451.0+867.0j
2016-02-03 08:53:00,3655.0+915.0j
2016-02-03 08:54:00,3463.0+865.0j
2016-02-03 08:55:00,5411.0+1352.0j
2016-02-03 08:56:00,5022.0+1251.0j
2016-02-03 08:57:00,5022.0+1251.0j
2016-02-03 08:58:00,4838.0+1205.0j
2016-02-03 08:59:00,3292.0+817.0j
2016-02-03 09:00:00,3883.0+963.0j
2016-02-03 09:01:00,2733.0+677.0j
2016-02-03 09:02:00,2540.0+628.0j
2016-02-03 09:03:00,2357.0+582.0j
2016-02-03 09:04:00,1980.0+487.0j
2016-02-03 09:05:00,1207.0+296.0j
2016-02-03 09:06:00,250.0+61.0j
2016-02-03 09:07:00,-1862.0-454.0j
2016-02-03 09:08:00,-704.0-172.0j
2016-02-03 09:09:00,463.0+112.0j
2016-02-03 09:10:00,1439.0+348.0j
2016-02-03 09:11:00,2790.0+675.0j
2016-02-03 09:12:00,4536.0+1094.0j
2016-02-03 09:13:00,5125.0+1230.0j
2016-02-03 09:14:00,4942.0+1181.0j
2016-02-03 09:15:00,5327.0+1268.0j
2016-02-03 09:16:00,5338.0+1270.0j
2016-02-03 09:17:00,5736.0+1359.0j
2016-02-03 09:18:00,2273.0+536.0j
2016-02-03 09:19:00,536.0+125.0j
2016-02-03 09:20:00,161.0+37.0j
2016-02-03 09:21:00,-1564.0-365.0j
2016-02-03 09:22:00,-1553.0-361.0j
2016-02-03 09:23:00,-1351.0-312.0j
2016-02-03 09:24:00,-1736.0-400.0j
2016-02-03 09:25:00,-181.0-42.0j
2016-02-03 09:26:00,-557.0-129.0j
2016-02-03 09:27:00,-3827.0-873.0j
2016-02-03 09:28:00,-1694.0-385.0j
2016-02-03 09:29:00,-1887.0-427.0j
2016-02-03 09:30:00,-5736.0-1291.0j
2016-02-03 09:31:00,-4182.0-937.0j
2016-02-03 09:32:00,-4942.0-1102.0j
2016-02-03 09:33:00,-5318.0-1180.0j
2016-02-03 09:34:00,-5511.0-1218.0j
2016-02-03 09:35:00,-6850.0-1507.0j
2016-02-03 09:36:00,-7033.0-1540.0j
2016-02-03 09:37:00,-7021.0-1530.0j
2016-02-03 09:38:00,-6627.0-1439.0j
2016-02-03 09:39:00,-7398.0-1598.0j
2016-02-03 09:40:00,-4300.0-925.0j
2016-02-03 09:41:00,-6026.0-1289.0j
2016-02-03 09:42:00,-7945.0-1692.0j
2016-02-03 09:43:00,-8321.0-1764.0j
2016-02-03 09:44:00,-8117.0-1714.0j
2016-02-03 09:45:00,-7152.0-1502.0j
2016-02-03 09:46:00,-5986.0-1251.0j
2016-02-03 09:47:00,-6939.0-1444.0j
2016-02-03 09:48:00,-6735.0-1394.0j
2016-02-03 09:49:00,-7496.0-1544.0j
2016-02-03 09:50:00,-8451.0-1731.0j
2016-02-03 09:51:00,-9212.0-1888.0j
2016-02-03 09:52:00,-9983.0-2037.0j
2016-02-03 09:53:00,-11710.0-2377.0j
2016-02-03 09:54:00,-12470.0-2519.0j
2016-02-03 09:55:00,-14775.0-2969.0j
2016-02-03 09:56:00,-14957.0-2991.0j
2016-02-03 09:57:00,-13404.0-2667.0j
2016-02-03 09:58:00,-11668.0-2322.0j
2016-02-03 09:59:00,-10692.0-2117.0j
2016-02-03 10:00:00,-8368.0-1648.0j
2016-02-03 10:01:00,-7777.0-1525.0j
2016-02-03 10:02:00,-6031.0-1183.0j
2016-02-03 10:03:00,-4873.0-950.0j
2016-02-03 10:04:00,-6021.0-1168.0j
2016-02-03 10:05:00,-5624.0-1086.0j
2016-02-03 10:06:00,-2141.0-413.0j
2016-02-03 10:07:00,-1552.0-298.0j
2016-02-03 10:08:00,-1552.0-298.0j
2016-02-03 10:09:00,-1542.0-295.0j
2016-02-03 10:10:00,-1724.0-328.0j
2016-02-03 10:11:00,-171.0-33.0j
2016-02-03 10:12:00,1384.0+262.0j
2016-02-03 10:13:00,805.0+152.0j
2016-02-03 10:14:00,4277.0+805.0j
2016-02-03 10:15:00,4287.0+806.0j
2016-02-03 10:16:00,4287.0+801.0j
2016-02-03 10:17:00,1989.0+373.0j
2016-02-03 10:18:00,1999.0+373.0j
2016-02-03 10:19:00,1626.0+302.0j
2016-02-03 10:20:00,1626.0+301.0j
2016-02-03 10:21:00,-97.0-19.0j
2016-02-03 10:22:00,865.0+159.0j
2016-02-03 10:23:00,-279.0-51.0j
2016-02-03 10:24:00,-2578.0-474.0j
2016-02-03 10:25:00,-2384.0-436.0j
2016-02-03 10:26:00,-4685.0-856.0j
2016-02-03 10:27:00,-5839.0-1063.0j
2016-02-03 10:28:00,-5636.0-1026.0j
2016-02-03 10:29:00,-5828.0-1061.0j
2016-02-03 10:30:00,-8492.0-1537.0j
2016-02-03 10:31:00,-7532.0-1363.0j
2016-02-03 10:32:00,-9058.0-1639.0j
2016-02-03 10:33:00,-11361.0-2045.0j
2016-02-03 10:34:00,-12130.0-2183.0j
2016-02-03 10:35:00,-12887.0-2320.0j
2016-02-03 10:36:00,-13271.0-2377.0j
2016-02-03 10:37:00,-13271.0-2377.0j
2016-02-03 10:38:00,-12301.0-2203.0j
2016-02-03 10:39:00,-12109.0-2156.0j
2016-02-03 10:40:00,-12109.0-2156.0j
2016-02-03 10:41:00,-12876.0-2292.0j
2016-02-03 10:42:00,-12876.0-2279.0j
2016-02-03 10:43:00,-11340.0-2006.0j
2016-02-03 10:44:00,-11523.0-2039.0j
2016-02-03 10:45:00,-11330.0-2005.0j
2016-02-03 10:46:00,-11112.0-1956.0j
2016-02-03 10:47:00,-11304.0-1990.0j
2016-02-03 10:48:00,-12644.0-2225.0j
2016-02-03 10:49:00,-12846.0-2248.0j
2016-02-03 10:50:00,-13994.0-2450.0j
2016-02-03 10:51:00,-13612.0-2382.0j
2016-02-03 10:52:00,-13420.0-2349.0j
2016-02-03 10:53:00,-12654.0-2203.0j
2016-02-03 10:54:00,-12664.0-2203.0j
2016-02-03 10:55:00,-12281.0-2137.0j
2016-02-03 10:56:00,-12664.0-2191.0j
2016-02-03 10:57:00,-15931.0-2757.0j
2016-02-03 10:58:00,-13057.0-2259.0j
2016-02-03 10:59:00,-14399.0-2477.0j
2016-02-03 11:00:00,-17091.0-2940.0j
2016-02-03 11:01:00,-19016.0-3271.0j
2016-02-03 11:02:00,-19973.0-3415.0j
2016-02-03 11:03:00,-16536.0-2827.0j
2016-02-03 11:04:00,-16536.0-2827.0j
2016-02-03 11:05:00,-20378.0-3464.0j
2016-02-03 11:06:00,-19239.0-3271.0j
2016-02-03 11:07:00,-18867.0-3208.0j
2016-02-03 11:08:00,-16577.0-2802.0j
2016-02-03 11:09:00,-16961.0-2866.0j
2016-02-03 11:10:00,-17163.0-2883.0j
2016-02-03 11:11:00,-17748.0-2981.0j
2016-02-03 11:12:00,-17375.0-2919.0j
2016-02-03 11:13:00,-17385.0-2903.0j
2016-02-03 11:14:00,-18161.0-3032.0j
2016-02-03 11:15:00,-18172.0-3035.0j
2016-02-03 11:16:00,-18375.0-3051.0j
2016-02-03 11:17:00,-19726.0-3274.0j
2016-02-03 11:18:00,-19737.0-3257.0j
2016-02-03 11:19:00,-20129.0-3321.0j
2016-02-03 11:20:00,-20140.0-3323.0j
2016-02-03 11:21:00,-19766.0-3242.0j
2016-02-03 11:22:00,-19777.0-3244.0j
2016-02-03 11:23:00,-19991.0-3279.0j
2016-02-03 11:24:00,-20767.0-3385.0j
2016-02-03 11:25:00,-21543.0-3511.0j
2016-02-03 11:26:00,-22949.0-3718.0j
2016-02-03 11:27:00,-25455.0-4123.0j
2016-02-03 11:28:00,-27386.0-4436.0j
2016-02-03 11:29:00,-30084.0-4843.0j
2016-02-03 11:30:00,-31631.0-5093.0j
2016-02-03 11:31:00,-33561.0-5403.0j
2016-02-03 11:32:00,-35299.0-5648.0j
2016-02-03 11:33:00,-37624.0-6021.0j
2016-02-03 11:34:00,-39937.0-6390.0j
2016-02-03 11:35:00,-43213.0-6871.0j
2016-02-03 11:36:00,-43607.0-6933.0j
2016-02-03 11:37:00,-43618.0-6935.0j
2016-02-03 11:38:00,-43243.0-6875.0j
2016-02-03 11:39:00,-42679.0-6744.0j
2016-02-03 11:40:00,-43072.0-6806.0j
2016-02-03 11:41:00,-43275.0-6838.0j
2016-02-03 11:42:00,-43862.0-6886.0j
2016-02-03 11:43:00,-43092.0-6765.0j
2016-02-03 11:44:00,-45983.0-7219.0j
2016-02-03 11:45:00,-45034.0-7070.0j
2016-02-03 11:46:00,-45812.0-7193.0j
2016-02-03 11:47:00,-46702.0-7286.0j
2016-02-03 11:48:00,-46702.0-7286.0j
2016-02-03 11:49:00,-46328.0-7228.0j
2016-02-03 11:50:00,-46147.0-7198.0j
2016-02-03 11:51:00,-45570.0-7109.0j
2016-02-03 11:52:00,-43848.0-6840.0j
2016-02-03 11:53:00,-43666.0-6767.0j
2016-02-03 11:54:00,-42125.0-6530.0j
2016-02-03 11:55:00,-45024.0-6978.0j
2016-02-03 11:56:00,-41366.0-6412.0j
2016-02-03 11:57:00,-42905.0-6651.0j
2016-02-03 11:58:00,-43110.0-6682.0j
2016-02-03 11:59:00,-43110.0-6682.0j
2016-02-03 12:00:00,-43302.0-6711.0j
2016-02-03 12:01:00,-42724.0-6622.0j
2016-02-03 12:02:00,-42339.0-6563.0j
2016-02-03 12:03:00,-44648.0-6921.0j
2016-02-03 12:04:00,-45611.0-7070.0j
2016-02-03 12:05:00,-46188.0-7160.0j
2016-02-03 12:06:00,-46574.0-7219.0j
2016-02-03 12:07:00,-46957.0-7279.0j
2016-02-03 12:08:00,-47150.0-7309.0j
2016-02-03 12:09:00,-45986.0-7173.0j
2016-02-03 12:10:00,-46755.0-7294.0j
2016-02-03 12:11:00,-48295.0-7534.0j
2016-02-03 12:12:00,-48284.0-7532.0j
2016-02-03 12:13:00,-48284.0-7532.0j
2016-02-03 12:14:00,-47707.0-7490.0j
2016-02-03 12:15:00,-48273.0-7579.0j
2016-02-03 12:16:00,-47120.0-7397.0j
2016-02-03 12:17:00,-47493.0-7456.0j
2016-02-03 12:18:00,-46916.0-7413.0j
2016-02-03 12:19:00,-46521.0-7350.0j
2016-02-03 12:20:00,-46319.0-7318.0j
2016-02-03 12:21:00,-44778.0-7075.0j
2016-02-03 12:22:00,-45537.0-7241.0j
2016-02-03 12:23:00,-45913.0-7300.0j
2016-02-03 12:24:00,-46681.0-7422.0j
2016-02-03 12:25:00,-47249.0-7560.0j
2016-02-03 12:26:00,-46468.0-7435.0j
2016-02-03 12:27:00,-45121.0-7264.0j
2016-02-03 12:28:00,-43957.0-7076.0j
2016-02-03 12:29:00,-43367.0-6983.0j
2016-02-03 12:30:00,-42396.0-6868.0j
2016-02-03 12:31:00,-40471.0-6556.0j
2016-02-03 12:32:00,-39691.0-6469.0j
2016-02-03 12:33:00,-38526.0-6280.0j
2016-02-03 12:34:00,-37361.0-6126.0j
2016-02-03 12:35:00,-36399.0-5969.0j
2016-02-03 12:36:00,-36195.0-5972.0j
2016-02-03 12:37:00,-35801.0-5907.0j
2016-02-03 12:38:00,-35789.0-5941.0j
2016-02-03 12:39:00,-35789.0-5941.0j
2016-02-03 12:40:00,-34624.0-5781.0j
2016-02-03 12:41:00,-33652.0-5621.0j
2016-02-03 12:42:00,-33641.0-5650.0j
2016-02-03 12:43:00,-33641.0-5686.0j
2016-02-03 12:44:00,-34401.0-5814.0j
2016-02-03 12:45:00,-34390.0-5847.0j
2016-02-03 12:46:00,-34198.0-5814.0j
2016-02-03 12:47:00,-39769.0-6800.0j
2016-02-03 12:48:00,-39769.0-6840.0j
2016-02-03 12:49:00,-39566.0-6806.0j
2016-02-03 12:50:00,-39854.0-6895.0j
2016-02-03 12:51:00,-39844.0-6932.0j
2016-02-03 12:52:00,-39650.0-6898.0j
2016-02-03 12:53:00,-41376.0-7241.0j
2016-02-03 12:54:00,-42919.0-7554.0j
2016-02-03 12:55:00,-42909.0-7551.0j
2016-02-03 12:56:00,-41944.0-7425.0j
2016-02-03 12:57:00,-41559.0-7397.0j
2016-02-03 12:58:00,-40968.0-7334.0j
2016-02-03 12:59:00,-41162.0-7368.0j
2016-02-03 13:00:00,-40004.0-7200.0j
2016-02-03 13:01:00,-39618.0-7171.0j
2016-02-03 13:02:00,-39618.0-7211.0j
2016-02-03 13:03:00,-39234.0-7141.0j
2016-02-03 13:04:00,-39040.0-7144.0j
2016-02-03 13:05:00,-38847.0-7149.0j
2016-02-03 13:06:00,-39040.0-7222.0j
2016-02-03 13:07:00,-39327.0-7275.0j
2016-02-03 13:08:00,-39327.0-7315.0j
2016-02-03 13:09:00,-39134.0-7318.0j
2016-02-03 13:10:00,-38951.0-7322.0j
2016-02-03 13:11:00,-37016.0-6997.0j
2016-02-03 13:12:00,-38758.0-7364.0j
2016-02-03 13:13:00,-38563.0-7327.0j
2016-02-03 13:14:00,-38381.0-7331.0j
2016-02-03 13:15:00,-38573.0-7407.0j
2016-02-03 13:16:00,-38392.0-7410.0j
2016-02-03 13:17:00,-38289.0-7428.0j
2016-02-03 13:18:00,-38095.0-7428.0j
2016-02-03 13:19:00,-37331.0-7317.0j
2016-02-03 13:20:00,-35791.0-7015.0j
2016-02-03 13:21:00,-35791.0-7051.0j
2016-02-03 13:22:00,-35607.0-7050.0j
2016-02-03 13:23:00,-36189.0-7200.0j
2016-02-03 13:24:00,-36006.0-7200.0j
2016-02-03 13:25:00,-36587.0-7354.0j
2016-02-03 13:26:00,-36878.0-7449.0j
2016-02-03 13:27:00,-36305.0-7370.0j
2016-02-03 13:28:00,-36695.0-7486.0j
2016-02-03 13:29:00,-37676.0-7686.0j
2016-02-03 13:30:00,-37104.0-7606.0j
2016-02-03 13:31:00,-38076.0-7843.0j
2016-02-03 13:32:00,-38281.0-7924.0j
2016-02-03 13:33:00,-39068.0-8126.0j
2016-02-03 13:34:00,-39857.0-8329.0j
2016-02-03 13:35:00,-40535.0-8513.0j
2016-02-03 13:36:00,-40351.0-8514.0j
2016-02-03 13:37:00,-40362.0-8557.0j
2016-02-03 13:38:00,-41540.0-8848.0j
2016-02-03 13:39:00,-41152.0-8805.0j
2016-02-03 13:40:00,-41162.0-8809.0j
2016-02-03 13:41:00,-39809.0-8558.0j
2016-02-03 13:42:00,-39819.0-8602.0j
2016-02-03 13:43:00,-39430.0-8557.0j
2016-02-03 13:44:00,-39534.0-8618.0j
2016-02-03 13:45:00,-39349.0-8617.0j
2016-02-03 13:46:00,-39165.0-8617.0j
2016-02-03 13:47:00,-38189.0-8440.0j
2016-02-03 13:48:00,-38005.0-8438.0j
2016-02-03 13:49:00,-38210.0-8482.0j
2016-02-03 13:50:00,-37049.0-8261.0j
2016-02-03 13:51:00,-37049.0-8300.0j
2016-02-03 13:52:00,-37646.0-8471.0j
2016-02-03 13:53:00,-37656.0-8511.0j
2016-02-03 13:54:00,-36767.0-8347.0j
2016-02-03 13:55:00,-36386.0-8296.0j
2016-02-03 13:56:00,-38353.0-8783.0j
2016-02-03 13:57:00,-37374.0-8558.0j
2016-02-03 13:58:00,-36407.0-8373.0j
2016-02-03 13:59:00,-35234.0-8138.0j
2016-02-03 14:00:00,-34070.0-7904.0j
2016-02-03 14:01:00,-34864.0-8123.0j
2016-02-03 14:02:00,-34473.0-8067.0j
2016-02-03 14:03:00,-34484.0-8069.0j
2016-02-03 14:04:00,-35657.0-8379.0j
2016-02-03 14:05:00,-34287.0-8093.0j
2016-02-03 14:06:00,-33123.0-7851.0j
2016-02-03 14:07:00,-33123.0-7883.0j
2016-02-03 14:08:00,-33329.0-7931.0j
2016-02-03 14:09:00,-33526.0-8013.0j
2016-02-03 14:10:00,-32427.0-7783.0j
2016-02-03 14:11:00,-34203.0-8244.0j
2016-02-03 14:12:00,-34203.0-8244.0j
2016-02-03 14:13:00,-33223.0-8040.0j
2016-02-03 14:14:00,-32830.0-7978.0j
2016-02-03 14:15:00,-33233.0-8108.0j
2016-02-03 14:16:00,-31468.0-7680.0j
2016-02-03 14:17:00,-32253.0-7902.0j
2016-02-03 14:18:00,-32449.0-7950.0j
2016-02-03 14:19:00,-33429.0-8224.0j
2016-02-03 14:20:00,-32253.0-7967.0j
2016-02-03 14:21:00,-32449.0-8014.0j
2016-02-03 14:22:00,-32253.0-7998.0j
2016-02-03 14:23:00,-32055.0-7950.0j
2016-02-03 14:24:00,-31076.0-7738.0j
2016-02-03 14:25:00,-31272.0-7786.0j
2016-02-03 14:26:00,-30488.0-7621.0j
2016-02-03 14:27:00,-30291.0-7573.0j
2016-02-03 14:28:00,-30281.0-7600.0j
2016-02-03 14:29:00,-29692.0-7453.0j
2016-02-03 14:30:00,-29105.0-7304.0j
2016-02-03 14:31:00,-27927.0-7038.0j
2016-02-03 14:32:00,-29093.0-7331.0j
2016-02-03 14:33:00,-29289.0-7381.0j
2016-02-03 14:34:00,-28494.0-7181.0j
2016-02-03 14:35:00,-28101.0-7110.0j
2016-02-03 14:36:00,-27709.0-7011.0j
2016-02-03 14:37:00,-27306.0-6909.0j
2016-02-03 14:38:00,-26522.0-6710.0j
2016-02-03 14:39:00,-25335.0-6409.0j
2016-02-03 14:40:00,-27089.0-6853.0j
2016-02-03 14:41:00,-27285.0-6904.0j
2016-02-03 14:42:00,-26882.0-6801.0j
2016-02-03 14:43:00,-25891.0-6551.0j
2016-02-03 14:44:00,-24714.0-6253.0j
2016-02-03 14:45:00,-25096.0-6349.0j
2016-02-03 14:46:00,-24497.0-6173.0j
2016-02-03 14:47:00,-25859.0-6517.0j
2016-02-03 14:48:00,-25652.0-6464.0j
2016-02-03 14:49:00,-23876.0-6016.0j
2016-02-03 14:50:00,-26023.0-6532.0j
2016-02-03 14:51:00,-26013.0-6530.0j
2016-02-03 14:52:00,-25218.0-6303.0j
2016-02-03 14:53:00,-24422.0-6105.0j
2016-02-03 14:54:00,-22645.0-5639.0j
2016-02-03 14:55:00,-22439.0-5588.0j
2016-02-03 14:56:00,-21437.0-5316.0j
2016-02-03 14:57:00,-19661.0-4857.0j
2016-02-03 14:58:00,-19258.0-4757.0j
2016-02-03 14:59:00,-17864.0-4395.0j
2016-02-03 15:00:00,-17069.0-4182.0j
2016-02-03 15:01:00,-16862.0-4114.0j
2016-02-03 15:02:00,-15076.0-3664.0j
2016-02-03 15:03:00,-12897.0-3121.0j
2016-02-03 15:04:00,-11905.0-2868.0j
2016-02-03 15:05:00,-10904.0-2616.0j
2016-02-03 15:06:00,-11285.0-2698.0j
2016-02-03 15:07:00,-11068.0-2634.0j
2016-02-03 15:08:00,-10654.0-2526.0j
2016-02-03 15:09:00,-11417.0-2683.0j
2016-02-03 15:10:00,-11201.0-2621.0j
2016-02-03 15:11:00,-10982.0-2558.0j
2016-02-03 15:12:00,-10765.0-2498.0j
2016-02-03 15:13:00,-9175.0-2110.0j
2016-02-03 15:14:00,-11311.0-2591.0j
2016-02-03 15:15:00,-10897.0-2473.0j
2016-02-03 15:16:00,-10679.0-2414.0j
2016-02-03 15:17:00,-12246.0-2743.0j
2016-02-03 15:18:00,-11045.0-2463.0j
2016-02-03 15:19:00,-10827.0-2392.0j
2016-02-03 15:20:00,-10597.0-2331.0j
2016-02-03 15:21:00,-15688.0-3420.0j
2016-02-03 15:22:00,-16245.0-3525.0j
2016-02-03 15:23:00,-16215.0-3486.0j
2016-02-03 15:24:00,-15997.0-3423.0j
2016-02-03 15:25:00,-15375.0-3259.0j
2016-02-03 15:26:00,-13179.0-2768.0j
2016-02-03 15:27:00,-11182.0-2336.0j
2016-02-03 15:28:00,-12525.0-2593.0j
2016-02-03 15:29:00,-10528.0-2158.0j
2016-02-03 15:30:00,-11479.0-2342.0j
2016-02-03 15:31:00,-9864.0-1993.0j
2016-02-03 15:32:00,-9460.0-1901.0j
2016-02-03 15:33:00,-8444.0-1681.0j
2016-02-03 15:34:00,-8006.0-1577.0j
2016-02-03 15:35:00,-6988.0-1370.0j
2016-02-03 15:36:00,-7143.0-1386.0j
2016-02-03 15:37:00,-7888.0-1523.0j
2016-02-03 15:38:00,-7462.0-1426.0j
2016-02-03 15:39:00,-7025.0-1328.0j
2016-02-03 15:40:00,-6785.0-1275.0j
2016-02-03 15:41:00,-6349.0-1181.0j
2016-02-03 15:42:00,-5333.0-986.0j
2016-02-03 15:43:00,-7649.0-1399.0j
2016-02-03 15:44:00,-7211.0-1314.0j
2016-02-03 15:45:00,-6972.0-1254.0j
2016-02-03 15:46:00,-6523.0-1166.0j
2016-02-03 15:47:00,-6084.0-1076.0j
2016-02-03 15:48:00,-5833.0-1027.0j
2016-02-03 15:49:00,-4002.0-701.0j
2016-02-03 15:50:00,-3761.0-650.0j
2016-02-03 15:51:00,-3519.0-606.0j
2016-02-03 15:52:00,-3266.0-558.0j
2016-02-03 15:53:00,-2817.0-476.0j
2016-02-03 15:54:00,-3347.0-563.0j
2016-02-03 15:55:00,-4481.0-749.0j
2016-02-03 15:56:00,-4625.0-767.0j
2016-02-03 15:57:00,-4174.0-688.0j
2016-02-03 15:58:00,-3525.0-578.0j
2016-02-03 15:59:00,-2866.0-467.0j
2016-02-03 16:00:00,-2602.0-421.0j
2016-02-03 16:01:00,-2140.0-345.0j
2016-02-03 16:02:00,504.0+81.0j
2016-02-03 16:03:00,1365.0+218.0j
2016-02-03 16:04:00,2026.0+323.0j
2016-02-03 16:05:00,2700.0+427.0j
2016-02-03 16:06:00,2964.0+466.0j
2016-02-03 16:07:00,3226.0+507.0j
2016-02-03 16:08:00,5292.0+827.0j
2016-02-03 16:09:00,5568.0+868.0j
2016-02-03 16:10:00,6043.0+937.0j
2016-02-03 16:11:00,6916.0+1072.0j
2016-02-03 16:12:00,7380.0+1137.0j
2016-02-03 16:13:00,7654.0+1179.0j
2016-02-03 16:14:00,5750.0+886.0j
2016-02-03 16:15:00,6225.0+952.0j
2016-02-03 16:16:00,6502.0+995.0j
2016-02-03 16:17:00,8976.0+1373.0j
2016-02-03 16:18:00,9252.0+1416.0j
2016-02-03 16:19:00,9749.0+1482.0j
2016-02-03 16:20:00,10627.0+1615.0j
2016-02-03 16:21:00,10903.0+1658.0j
2016-02-03 16:22:00,11180.0+1699.0j
2016-02-03 16:23:00,11256.0+1711.0j
2016-02-03 16:24:00,11358.0+1727.0j
2016-02-03 16:25:00,11635.0+1769.0j
2016-02-03 16:26:00,13718.0+2085.0j
2016-02-03 16:27:00,14799.0+2250.0j
2016-02-03 16:28:00,14875.0+2260.0j
2016-02-03 16:29:00,13376.0+2034.0j
2016-02-03 16:30:00,12647.0+1923.0j
2016-02-03 16:31:00,12523.0+1903.0j
2016-02-03 16:32:00,11995.0+1835.0j
2016-02-03 16:33:00,13279.0+2032.0j
2016-02-03 16:34:00,14585.0+2232.0j
2016-02-03 16:35:00,14461.0+2213.0j
2016-02-03 16:36:00,14739.0+2255.0j
2016-02-03 16:37:00,13594.0+2080.0j
2016-02-03 16:38:00,14478.0+2230.0j
2016-02-03 16:39:00,16168.0+2490.0j
2016-02-03 16:40:00,16271.0+2505.0j
2016-02-03 16:41:00,16337.0+2515.0j
2016-02-03 16:42:00,18840.0+2921.0j
2016-02-03 16:43:00,16884.0+2616.0j
2016-02-03 16:44:00,12704.0+1969.0j
2016-02-03 16:45:00,12770.0+1979.0j
2016-02-03 16:46:00,13039.0+2034.0j
2016-02-03 16:47:00,14946.0+2331.0j
2016-02-03 16:48:00,15418.0+2404.0j
2016-02-03 16:49:00,15686.0+2447.0j
2016-02-03 16:50:00,15538.0+2439.0j
2016-02-03 16:51:00,13365.0+2100.0j
2016-02-03 16:52:00,13431.0+2108.0j
2016-02-03 16:53:00,12878.0+2022.0j
2016-02-03 16:54:00,12529.0+1979.0j
2016-02-03 16:55:00,11382.0+1798.0j
2016-02-03 16:56:00,12453.0+1969.0j
2016-02-03 16:57:00,13309.0+2102.0j
2016-02-03 16:58:00,14176.0+2254.0j
2016-02-03 16:59:00,17877.0+2843.0j
2016-02-03 17:00:00,20762.0+3301.0j
2016-02-03 17:01:00,21619.0+3437.0j
2016-02-03 17:02:00,33644.0+5349.0j
2016-02-03 17:03:00,33677.0+5355.0j
2016-02-03 17:04:00,33710.0+5393.0j
2016-02-03 17:05:00,33755.0+5401.0j
2016-02-03 17:06:00,33788.0+5406.0j
2016-02-03 17:07:00,33820.0+5412.0j
2016-02-03 17:08:00,33843.0+5414.0j
2016-02-03 17:09:00,33875.0+5421.0j
2016-02-03 17:10:00,33899.0+5423.0j
2016-02-03 17:11:00,33931.0+5428.0j
2016-02-03 17:12:00,33953.0+5433.0j
2016-02-03 17:13:00,33975.0+5436.0j
2016-02-03 17:14:00,33997.0+5439.0j
2016-02-03 17:15:00,34019.0+5444.0j
2016-02-03 17:16:00,34030.0+5444.0j
2016-02-03 17:17:00,34052.0+5449.0j
2016-02-03 17:18:00,34063.0+5449.0j
2016-02-03 17:19:00,34085.0+5455.0j
2016-02-03 17:20:00,34095.0+5456.0j
2016-02-03 17:21:00,34108.0+5457.0j
2016-02-03 17:22:00,34119.0+5458.0j
2016-02-03 17:23:00,34129.0+5461.0j
2016-02-03 17:24:00,34141.0+5462.0j
2016-02-03 17:25:00,34141.0+5462.0j
2016-02-03 17:26:00,34151.0+5464.0j
2016-02-03 17:27:00,34151.0+5464.0j
2016-02-03 17:28:00,34163.0+5466.0j
2016-02-03 17:29:00,34163.0+5466.0j
2016-02-03 17:30:00,34163.0+5466.0j
2016-02-03 17:31:00,34174.0+5468.0j
2016-02-03 17:32:00,34174.0+5468.0j
2016-02-03 17:33:00,34174.0+5434.0j
2016-02-03 17:34:00,34095.0+5422.0j
2016-02-03 17:35:00,34095.0+5422.0j
2016-02-03 17:36:00,34085.0+5419.0j
2016-02-03 17:37:00,34085.0+5419.0j
2016-02-03 17:38:00,34085.0+5419.0j
2016-02-03 17:39:00,34073.0+5417.0j
2016-02-03 17:40:00,34073.0+5383.0j
2016-02-03 17:41:00,34073.0+5383.0j
2016-02-03 17:42:00,34063.0+5381.0j
2016-02-03 17:43:00,34052.0+5380.0j
2016-02-03 17:44:00,34052.0+5380.0j
2016-02-03 17:45:00,34040.0+5379.0j
2016-02-03 17:46:00,34040.0+5379.0j
2016-02-03 17:47:00,34030.0+5344.0j
2016-02-03 17:48:00,34019.0+5340.0j
2016-02-03 17:49:00,34008.0+5338.0j
2016-02-03 17:50:00,33930.0+5327.0j
2016-02-03 17:51:00,33919.0+5325.0j
2016-02-03 17:52:00,33908.0+5290.0j
2016-02-03 17:53:00,33897.0+5289.0j
2016-02-03 17:54:00,33886.0+5285.0j
2016-02-03 17:55:00,33875.0+5284.0j
2016-02-03 17:56:00,33864.0+5283.0j
2016-02-03 17:57:00,33864.0+5283.0j
2016-02-03 17:58:00,33853.0+5248.0j
2016-02-03 17:59:00,33843.0+5245.0j
2016-02-03 18:00:00,33831.0+5244.0j
2016-02-03 18:01:00,33820.0+5242.0j
2016-02-03 18:02:00,33810.0+5240.0j
2016-02-03 18:03:00,33798.0+5205.0j
2016-02-03 18:04:00,33798.0+5205.0j
2016-02-03 18:05:00,33788.0+5203.0j
2016-02-03 18:06:00,33777.0+5202.0j
2016-02-03 18:07:00,33765.0+5200.0j
2016-02-03 18:08:00,33755.0+5199.0j
2016-02-03 18:09:00,33755.0+5164.0j
2016-02-03 18:10:00,33743.0+5162.0j
2016-02-03 18:11:00,33733.0+5161.0j
2016-02-03 18:12:00,33722.0+5159.0j
2016-02-03 18:13:00,33710.0+5158.0j
2016-02-03 18:14:00,33710.0+5158.0j
2016-02-03 18:15:00,33700.0+5123.0j
2016-02-03 18:16:00,33689.0+5121.0j
2016-02-03 18:17:00,33678.0+5118.0j
2016-02-03 18:18:00,33667.0+5117.0j
2016-02-03 18:19:00,33667.0+5117.0j
2016-02-03 18:20:00,33656.0+5116.0j
2016-02-03 18:21:00,33645.0+5080.0j
2016-02-03 18:22:00,33633.0+5079.0j
2016-02-03 18:23:00,33623.0+5077.0j
2016-02-03 18:24:00,33623.0+5077.0j
2016-02-03 18:25:00,33611.0+5075.0j
2016-02-03 18:26:00,33601.0+5074.0j
2016-02-03 18:27:00,33590.0+5071.0j
2016-02-03 18:28:00,33578.0+5036.0j
2016-02-03 18:29:00,33568.0+5036.0j
2016-02-03 18:30:00,33568.0+5036.0j
2016-02-03 18:31:00,33556.0+5034.0j
2016-02-03 18:32:00,33546.0+5031.0j
2016-02-03 18:33:00,33535.0+5030.0j
2016-02-03 18:34:00,33523.0+5028.0j
2016-02-03 18:35:00,33589.0+5038.0j
2016-02-03 18:36:00,33578.0+5003.0j
2016-02-03 18:37:00,33568.0+5001.0j
2016-02-03 18:38:00,33556.0+5001.0j
2016-02-03 18:39:00,33545.0+4998.0j
2016-02-03 18:40:00,33545.0+4998.0j
2016-02-03 18:41:00,33535.0+4996.0j
2016-02-03 18:42:00,33523.0+4995.0j
2016-02-03 18:43:00,33513.0+4993.0j
2016-02-03 18:44:00,33501.0+4993.0j
2016-02-03 18:45:00,33491.0+4990.0j
2016-02-03 18:46:00,33480.0+4988.0j
2016-02-03 18:47:00,33458.0+4952.0j
2016-02-03 18:48:00,33447.0+4950.0j
2016-02-03 18:49:00,33436.0+4948.0j
2016-02-03 18:50:00,33425.0+4947.0j
2016-02-03 18:51:00,33414.0+4946.0j
2016-02-03 18:52:00,33402.0+4944.0j
2016-02-03 18:53:00,33467.0+4952.0j
2016-02-03 18:54:00,33457.0+4952.0j
2016-02-03 18:55:00,33434.0+4948.0j
2016-02-03 18:56:00,33424.0+4947.0j
2016-02-03 18:57:00,33412.0+4945.0j
2016-02-03 18:58:00,33402.0+4944.0j
2016-02-03 18:59:00,33379.0+4940.0j
2016-02-03 19:00:00,33369.0+4938.0j
2016-02-03 19:01:00,33357.0+4937.0j
2016-02-03 19:02:00,33336.0+4934.0j
2016-02-03 19:03:00,33324.0+4932.0j
2016-02-03 19:04:00,33302.0+4928.0j
2016-02-03 19:05:00,33292.0+4927.0j
2016-02-03 19:06:00,33280.0+4925.0j
2016-02-03 19:07:00,33258.0+4923.0j
2016-02-03 19:08:00,33323.0+4932.0j
2016-02-03 19:09:00,33301.0+4927.0j
2016-02-03 19:10:00,33289.0+4927.0j
2016-02-03 19:11:00,33268.0+4925.0j
2016-02-03 19:12:00,33246.0+4919.0j
2016-02-03 19:13:00,33234.0+4919.0j
2016-02-03 19:14:00,33212.0+4916.0j
2016-02-03 19:15:00,33190.0+4912.0j
2016-02-03 19:16:00,33179.0+4911.0j
2016-02-03 19:17:00,33157.0+4907.0j
2016-02-03 19:18:00,33135.0+4904.0j
2016-02-03 19:19:00,33124.0+4935.0j
2016-02-03 19:20:00,33102.0+4932.0j
2016-02-03 19:21:00,33080.0+4929.0j
2016-02-03 19:22:00,33058.0+4925.0j
2016-02-03 19:23:00,33035.0+4923.0j
2016-02-03 19:24:00,33013.0+4919.0j
2016-02-03 19:25:00,33078.0+4927.0j
2016-02-03 19:26:00,33055.0+4925.0j
2016-02-03 19:27:00,33034.0+4922.0j
2016-02-03 19:28:00,33011.0+4919.0j
2016-02-03 19:29:00,32989.0+4916.0j
2016-02-03 19:30:00,32966.0+4912.0j
2016-02-03 19:31:00,32944.0+4909.0j
2016-02-03 19:32:00,32923.0+4905.0j
2016-02-03 19:33:00,32901.0+4903.0j
2016-02-03 19:34:00,32879.0+4898.0j
2016-02-03 19:35:00,32855.0+4895.0j
2016-02-03 19:36:00,32823.0+4890.0j
2016-02-03 19:37:00,32800.0+4886.0j
2016-02-03 19:38:00,32778.0+4884.0j
2016-02-03 19:39:00,32757.0+4881.0j
2016-02-03 19:40:00,32735.0+4910.0j
2016-02-03 19:41:00,32711.0+4906.0j
2016-02-03 19:42:00,32679.0+4903.0j
2016-02-03 19:43:00,32656.0+4898.0j
2016-02-03 19:44:00,32634.0+4895.0j
2016-02-03 19:45:00,32613.0+4892.0j
2016-02-03 19:46:00,32653.0+4897.0j
2016-02-03 19:47:00,32630.0+4894.0j
2016-02-03 19:48:00,32607.0+4892.0j
2016-02-03 19:49:00,32575.0+4886.0j
2016-02-03 19:50:00,32552.0+4883.0j
2016-02-03 19:51:00,32520.0+4878.0j
2016-02-03 19:52:00,32497.0+4842.0j
2016-02-03 19:53:00,32474.0+4838.0j
2016-02-03 19:54:00,32441.0+4835.0j
2016-02-03 19:55:00,32419.0+4830.0j
2016-02-03 19:56:00,32386.0+4826.0j
2016-02-03 19:57:00,32364.0+4822.0j
2016-02-03 19:58:00,32330.0+4817.0j
2016-02-03 19:59:00,32308.0+4814.0j
2016-02-03 20:00:00,32275.0+4808.0j
2016-02-03 20:01:00,32242.0+4804.0j
2016-02-03 20:02:00,32219.0+4801.0j
2016-02-03 20:03:00,32186.0+4796.0j
2016-02-03 20:04:00,32164.0+4793.0j
2016-02-03 20:05:00,32131.0+4756.0j
2016-02-03 20:06:00,32097.0+4751.0j
2016-02-03 20:07:00,32075.0+4748.0j
2016-02-03 20:08:00,32041.0+4742.0j
2016-02-03 20:09:00,32008.0+4738.0j
2016-02-03 20:10:00,31976.0+4732.0j
2016-02-03 20:11:00,31942.0+4727.0j
2016-02-03 20:12:00,31920.0+4724.0j
2016-02-03 20:13:00,31887.0+4687.0j
2016-02-03 20:14:00,31854.0+4683.0j
2016-02-03 20:15:00,31820.0+4677.0j
2016-02-03 20:16:00,31786.0+4672.0j
2016-02-03 20:17:00,31753.0+4669.0j
2016-02-03 20:18:00,31721.0+4663.0j
2016-02-03 20:19:00,31688.0+4658.0j
2016-02-03 20:20:00,31653.0+4652.0j
2016-02-03 20:21:00,31609.0+4647.0j
2016-02-03 20:22:00,31576.0+4642.0j
2016-02-03 20:23:00,31543.0+4637.0j
2016-02-03 20:24:00,31509.0+4631.0j
2016-02-03 20:25:00,31464.0+4625.0j
2016-02-03 20:26:00,31432.0+4589.0j
2016-02-03 20:27:00,31398.0+4584.0j
2016-02-03 20:28:00,31353.0+4609.0j
2016-02-03 20:29:00,31310.0+4603.0j
2016-02-03 20:30:00,31277.0+4597.0j
2016-02-03 20:31:00,31232.0+4591.0j
2016-02-03 20:32:00,31199.0+4587.0j
2016-02-03 20:33:00,31154.0+4580.0j
2016-02-03 20:34:00,31110.0+4573.0j
2016-02-03 20:35:00,31065.0+4566.0j
2016-02-03 20:36:00,31021.0+4560.0j
2016-02-03 20:37:00,30977.0+4554.0j
2016-02-03 20:38:00,30932.0+4578.0j
2016-02-03 20:39:00,30888.0+4572.0j
2016-02-03 20:40:00,30843.0+4565.0j
2016-02-03 20:41:00,30799.0+4559.0j
2016-02-03 20:42:00,30744.0+4582.0j
2016-02-03 20:43:00,30699.0+4574.0j
2016-02-03 20:44:00,30644.0+4566.0j
2016-02-03 20:45:00,30600.0+4590.0j
2016-02-03 20:46:00,30544.0+4582.0j
2016-02-03 20:47:00,30499.0+4606.0j
2016-02-03 20:48:00,30443.0+4597.0j
2016-02-03 20:49:00,30388.0+4620.0j
2016-02-03 20:50:00,30333.0+4610.0j
2016-02-03 20:51:00,30277.0+4632.0j
2016-02-03 20:52:00,30222.0+4655.0j
2016-02-03 20:53:00,30166.0+4645.0j
2016-02-03 20:54:00,30111.0+4667.0j
2016-02-03 20:55:00,30056.0+4688.0j
2016-02-03 20:56:00,29989.0+4678.0j
2016-02-03 20:57:00,29934.0+4699.0j
2016-02-03 20:58:00,29866.0+4718.0j
2016-02-03 20:59:00,29811.0+4740.0j
2016-02-03 21:00:00,29745.0+4759.0j
2016-02-03 21:01:00,29678.0+4779.0j
2016-02-03 21:02:00,29611.0+4796.0j
2016-02-03 21:03:00,29546.0+4816.0j
2016-02-03 21:04:00,29478.0+4835.0j
2016-02-03 21:05:00,29412.0+4853.0j
2016-02-03 21:06:00,29345.0+4900.0j
2016-02-03 21:07:00,29279.0+4919.0j
2016-02-03 21:08:00,29200.0+4935.0j
2016-02-03 21:09:00,29134.0+4952.0j
2016-02-03 21:10:00,29056.0+4997.0j
2016-02-03 21:11:00,28989.0+5015.0j
2016-02-03 21:12:00,28912.0+5030.0j
2016-02-03 21:13:00,28835.0+5075.0j
2016-02-03 21:14:00,28767.0+5092.0j
2016-02-03 21:15:00,28691.0+5136.0j
2016-02-03 21:16:00,28612.0+5150.0j
2016-02-03 21:17:00,28534.0+5164.0j
2016-02-03 21:18:00,28457.0+5207.0j
2016-02-03 21:19:00,28379.0+5250.0j
2016-02-03 21:20:00,28301.0+5264.0j
2016-02-03 21:21:00,28224.0+5305.0j
2016-02-03 21:22:00,28135.0+5317.0j
2016-02-03 21:23:00,27995.0+5347.0j
2016-02-03 21:24:00,27917.0+5360.0j
2016-02-03 21:25:00,27829.0+5399.0j
2016-02-03 21:26:00,27751.0+5439.0j
2016-02-03 21:27:00,27674.0+5451.0j
2016-02-03 21:28:00,27585.0+5490.0j
2016-02-03 21:29:00,27507.0+5502.0j
2016-02-03 21:30:00,27418.0+5539.0j
2016-02-03 21:31:00,27329.0+5575.0j
2016-02-03 21:32:00,27252.0+5587.0j
2016-02-03 21:33:00,27163.0+5623.0j
2016-02-03 21:34:00,27086.0+5661.0j
2016-02-03 21:35:00,26997.0+5670.0j
2016-02-03 21:36:00,26909.0+5704.0j
2016-02-03 21:37:00,26820.0+5713.0j
2016-02-03 21:38:00,26742.0+5749.0j
2016-02-03 21:39:00,26654.0+5784.0j
2016-02-03 21:40:00,26565.0+5792.0j
2016-02-03 21:41:00,26476.0+5825.0j
2016-02-03 21:42:00,26399.0+5835.0j
2016-02-03 21:43:00,26311.0+5868.0j
2016-02-03 21:44:00,26163.0+5860.0j
2016-02-03 21:45:00,26075.0+5892.0j
2016-02-03 21:46:00,25986.0+5899.0j
2016-02-03 21:47:00,25909.0+5933.0j
2016-02-03 21:48:00,25820.0+5938.0j
2016-02-03 21:49:00,25732.0+5970.0j
2016-02-03 21:50:00,25643.0+5975.0j
2016-02-03 21:51:00,25556.0+5980.0j
2016-02-03 21:52:00,25477.0+6013.0j
2016-02-03 21:53:00,25390.0+6018.0j
2016-02-03 21:54:00,25301.0+6021.0j
2016-02-03 21:55:00,25213.0+6026.0j
2016-02-03 21:56:00,25078.0+6044.0j
2016-02-03 21:57:00,24991.0+6048.0j
2016-02-03 21:58:00,24903.0+6051.0j
2016-02-03 21:59:00,24825.0+6057.0j
2016-02-03 22:00:00,24737.0+6061.0j
2016-02-03 22:01:00,24648.0+6064.0j
2016-02-03 22:02:00,24571.0+6069.0j
2016-02-03 22:03:00,24483.0+6071.0j
2016-02-03 22:04:00,24406.0+6077.0j
2016-02-03 22:05:00,24262.0+6067.0j
2016-02-03 22:06:00,24186.0+6047.0j
2016-02-03 22:07:00,24098.0+6048.0j
2016-02-03 22:08:00,24021.0+6054.0j
2016-02-03 22:09:00,23944.0+6058.0j
2016-02-03 22:10:00,23856.0+6036.0j
2016-02-03 22:11:00,23779.0+6040.0j
2016-02-03 22:12:00,23648.0+6031.0j
2016-02-03 22:13:00,23560.0+6008.0j
2016-02-03 22:14:00,23484.0+6012.0j
2016-02-03 22:15:00,23406.0+5992.0j
2016-02-03 22:16:00,23330.0+5996.0j
2016-02-03 22:17:00,23252.0+5976.0j
2016-02-03 22:18:00,23176.0+5979.0j
2016-02-03 22:19:00,23046.0+5946.0j
2016-02-03 22:20:00,22970.0+5949.0j
2016-02-03 22:21:00,22893.0+5930.0j
2016-02-03 22:22:00,22817.0+5910.0j
2016-02-03 22:23:00,22740.0+5912.0j
2016-02-03 22:24:00,22611.0+5879.0j
2016-02-03 22:25:00,22534.0+5882.0j
2016-02-03 22:26:00,22458.0+5862.0j
2016-02-03 22:27:00,22383.0+5842.0j
2016-02-03 22:28:00,22317.0+5825.0j
2016-02-03 22:29:00,22240.0+5827.0j
2016-02-03 22:30:00,22113.0+5794.0j
2016-02-03 22:31:00,22047.0+5777.0j
2016-02-03 22:32:00,21971.0+5757.0j
2016-02-03 22:33:00,21907.0+5761.0j
2016-02-03 22:34:00,21830.0+5741.0j
2016-02-03 22:35:00,21713.0+5711.0j
2016-02-03 22:36:00,21637.0+5691.0j
2016-02-03 22:37:00,21571.0+5695.0j
2016-02-03 22:38:00,21496.0+5676.0j
2016-02-03 22:39:00,21431.0+5658.0j
2016-02-03 22:40:00,21316.0+5628.0j
2016-02-03 22:41:00,21251.0+5610.0j
2016-02-03 22:42:00,21176.0+5613.0j
2016-02-03 22:43:00,21110.0+5594.0j
2016-02-03 22:44:00,21045.0+5578.0j
2016-02-03 22:45:00,20933.0+5547.0j
2016-02-03 22:46:00,20867.0+5550.0j
2016-02-03 22:47:00,20803.0+5533.0j
2016-02-03 22:48:00,20737.0+5516.0j
2016-02-03 22:49:00,20624.0+5486.0j
2016-02-03 22:50:00,20571.0+5492.0j
2016-02-03 22:51:00,20506.0+5475.0j
2016-02-03 22:52:00,20440.0+5457.0j
2016-02-03 22:53:00,20376.0+5441.0j
2016-02-03 22:54:00,20275.0+5434.0j
2016-02-03 22:55:00,20210.0+5416.0j
2016-02-03 22:56:00,20157.0+5402.0j
2016-02-03 22:57:00,20093.0+5405.0j
2016-02-03 22:58:00,19992.0+5379.0j
2016-02-03 22:59:00,19927.0+5381.0j
2016-02-03 23:00:00,19873.0+5366.0j
2016-02-03 23:01:00,19819.0+5351.0j
2016-02-03 23:02:00,19755.0+5354.0j
2016-02-03 23:03:00,19655.0+5326.0j
2016-02-03 23:04:00,19600.0+5332.0j
2016-02-03 23:05:00,19549.0+5317.0j
2016-02-03 23:06:00,19495.0+5323.0j
2016-02-03 23:07:00,19395.0+5295.0j
2016-02-03 23:08:00,19342.0+5300.0j
2016-02-03 23:09:00,19288.0+5285.0j
2016-02-03 23:10:00,19234.0+5290.0j
2016-02-03 23:11:00,19146.0+5284.0j
2016-02-03 23:12:00,19095.0+5270.0j
2016-02-03 23:13:00,19041.0+5275.0j
2016-02-03 23:14:00,18987.0+5259.0j
2016-02-03 23:15:00,18900.0+5255.0j
2016-02-03 23:16:00,18847.0+5240.0j
2016-02-03 23:17:00,18804.0+5247.0j
2016-02-03 23:18:00,18761.0+5235.0j
2016-02-03 23:19:00,18664.0+5227.0j
2016-02-03 23:20:00,18622.0+5214.0j
2016-02-03 23:21:00,18579.0+5221.0j
2016-02-03 23:22:00,18526.0+5206.0j
2016-02-03 23:23:00,18483.0+5194.0j
2016-02-03 23:24:00,18399.0+5189.0j
2016-02-03 23:25:00,18355.0+5176.0j
2016-02-03 23:26:00,18312.0+5164.0j
2016-02-03 23:27:00,18270.0+5171.0j
2016-02-03 23:28:00,18185.0+5147.0j
2016-02-03 23:29:00,18154.0+5137.0j
2016-02-03 23:30:00,18111.0+5126.0j
2016-02-03 23:31:00,18069.0+5131.0j
2016-02-03 23:32:00,17994.0+5111.0j
2016-02-03 23:33:00,17952.0+5098.0j
2016-02-03 23:34:00,17910.0+5085.0j
2016-02-03 23:35:00,17879.0+5078.0j
2016-02-03 23:36:00,17803.0+5056.0j
2016-02-03 23:37:00,17761.0+5044.0j
2016-02-03 23:38:00,17730.0+5036.0j
2016-02-03 23:39:00,17699.0+5008.0j
2016-02-03 23:40:00,17625.0+4988.0j
2016-02-03 23:41:00,17583.0+4975.0j
2016-02-03 23:42:00,17551.0+4949.0j
2016-02-03 23:43:00,17520.0+4940.0j
2016-02-03 23:44:00,17489.0+4914.0j
2016-02-03 23:45:00,17426.0+4897.0j
2016-02-03 23:46:00,17395.0+4870.0j
2016-02-03 23:47:00,17362.0+4844.0j
2016-02-03 23:48:00,17332.0+4836.0j
2016-02-03 23:49:00,17270.0+4801.0j
2016-02-03 23:50:00,17238.0+4775.0j
2016-02-03 23:51:00,17216.0+4751.0j
2016-02-03 23:52:00,17186.0+4726.0j
2016-02-03 23:53:00,17124.0+4692.0j
2016-02-03 23:54:00,17103.0+4652.0j
2016-02-03 23:55:00,17072.0+4627.0j
2016-02-03 23:56:00,17050.0+4604.0j
2016-02-03 23:57:00,17030.0+4564.0j
2016-02-03 23:58:00,16969.0+4514.0j
2016-02-03 23:59:00,16947.0+4492.0j
2016-02-04 00:00:00,16927.0+4451.0j
2016-02-04 00:01:00,16906.0+4414.0j
2016-02-04 00:02:00,16885.0+4373.0j
2016-02-04 00:03:00,16834.0+4327.0j
2016-02-04 00:04:00,16814.0+4287.0j
2016-02-04 00:05:00,16793.0+4249.0j
2016-02-04 00:06:00,16783.0+4196.0j
2016-02-04 00:07:00,16761.0+4156.0j
2016-02-04 00:08:00,16710.0+4111.0j
2016-02-04 00:09:00,16690.0+4055.0j
2016-02-04 00:10:00,16680.0+4003.0j
2016-02-04 00:11:00,16670.0+3967.0j
2016-02-04 00:12:00,16649.0+3912.0j
2016-02-04 00:13:00,16598.0+3851.0j
2016-02-04 00:14:00,16588.0+3816.0j
2016-02-04 00:15:00,16576.0+3763.0j
2016-02-04 00:16:00,16566.0+3711.0j
2016-02-04 00:17:00,16556.0+3659.0j
2016-02-04 00:18:00,16546.0+3607.0j
2016-02-04 00:19:00,16496.0+3546.0j
2016-02-04 00:20:00,16485.0+3495.0j
2016-02-04 00:21:00,16476.0+3443.0j
2016-02-04 00:22:00,16465.0+3391.0j
2016-02-04 00:23:00,16455.0+3340.0j
2016-02-04 00:24:00,16455.0+3291.0j
2016-02-04 00:25:00,16405.0+3231.0j
2016-02-04 00:26:00,16395.0+3181.0j
2016-02-04 00:27:00,16384.0+3130.0j
2016-02-04 00:28:00,16384.0+3080.0j
2016-02-04 00:29:00,16374.0+3030.0j
2016-02-04 00:30:00,16362.0+2978.0j
2016-02-04 00:31:00,16362.0+2929.0j
2016-02-04 00:32:00,16313.0+2871.0j
2016-02-04 00:33:00,16304.0+2820.0j
2016-02-04 00:34:00,16304.0+2771.0j
2016-02-04 00:35:00,16292.0+2737.0j
2016-02-04 00:36:00,16292.0+2689.0j
2016-02-04 00:37:00,16283.0+2638.0j
2016-02-04 00:38:00,16283.0+2589.0j
2016-02-04 00:39:00,16272.0+2555.0j
2016-02-04 00:40:00,16232.0+2500.0j
2016-02-04 00:41:00,16222.0+2466.0j
2016-02-04 00:42:00,16222.0+2417.0j
2016-02-04 00:43:00,16211.0+2383.0j
2016-02-04 00:44:00,16201.0+2334.0j
2016-02-04 00:45:00,16201.0+2301.0j
2016-02-04 00:46:00,16190.0+2267.0j
2016-02-04 00:47:00,16190.0+2235.0j
2016-02-04 00:48:00,16181.0+2200.0j
2016-02-04 00:49:00,16181.0+2168.0j
2016-02-04 00:50:00,16171.0+2135.0j
2016-02-04 00:51:00,16131.0+2096.0j
2016-02-04 00:52:00,16120.0+2080.0j
2016-02-04 00:53:00,16120.0+2047.0j
2016-02-04 00:54:00,16111.0+2030.0j
2016-02-04 00:55:00,16100.0+2013.0j
2016-02-04 00:56:00,16100.0+1980.0j
2016-02-04 00:57:00,16090.0+1963.0j
2016-02-04 00:58:00,16079.0+1946.0j
2016-02-04 00:59:00,16079.0+1946.0j
2016-02-04 01:00:00,16070.0+1928.0j
2016-02-04 01:01:00,16060.0+1911.0j
2016-02-04 01:02:00,16050.0+1910.0j
2016-02-04 01:03:00,16050.0+1910.0j
2016-02-04 01:04:00,16039.0+1908.0j
2016-02-04 01:05:00,16030.0+1907.0j
2016-02-04 01:06:00,16019.0+1906.0j
2016-02-04 01:07:00,16009.0+1906.0j
2016-02-04 01:08:00,15998.0+1920.0j
2016-02-04 01:09:00,15989.0+1919.0j
2016-02-04 01:10:00,15978.0+1934.0j
2016-02-04 01:11:00,15978.0+1934.0j
2016-02-04 01:12:00,15968.0+1948.0j
2016-02-04 01:13:00,15957.0+1963.0j
2016-02-04 01:14:00,15939.0+1977.0j
2016-02-04 01:15:00,15928.0+1991.0j
2016-02-04 01:16:00,15918.0+2006.0j
2016-02-04 01:17:00,15907.0+2037.0j
2016-02-04 01:18:00,15897.0+2051.0j
2016-02-04 01:19:00,15886.0+2081.0j
2016-02-04 01:20:00,15876.0+2096.0j
2016-02-04 01:21:00,15866.0+2127.0j
2016-02-04 01:22:00,15856.0+2140.0j
2016-02-04 01:23:00,15845.0+2170.0j
2016-02-04 01:24:00,15825.0+2200.0j
2016-02-04 01:25:00,15815.0+2230.0j
2016-02-04 01:26:00,15805.0+2260.0j
2016-02-04 01:27:00,15795.0+2290.0j
2016-02-04 01:28:00,15785.0+2321.0j
2016-02-04 01:29:00,15764.0+2349.0j
2016-02-04 01:30:00,15754.0+2379.0j
2016-02-04 01:31:00,15744.0+2410.0j
2016-02-04 01:32:00,15734.0+2455.0j
2016-02-04 01:33:00,15713.0+2482.0j
2016-02-04 01:34:00,15703.0+2513.0j
2016-02-04 01:35:00,15693.0+2558.0j
2016-02-04 01:36:00,15712.0+2592.0j
2016-02-04 01:37:00,15701.0+2638.0j
2016-02-04 01:38:00,15691.0+2667.0j
2016-02-04 01:39:00,15670.0+2712.0j
2016-02-04 01:40:00,15659.0+2741.0j
2016-02-04 01:41:00,15650.0+2785.0j
2016-02-04 01:42:00,15639.0+2815.0j
2016-02-04 01:43:00,15619.0+2858.0j
2016-02-04 01:44:00,15609.0+2888.0j
2016-02-04 01:45:00,15598.0+2933.0j
2016-02-04 01:46:00,15578.0+2976.0j
2016-02-04 01:47:00,15568.0+3004.0j
2016-02-04 01:48:00,15557.0+3049.0j
2016-02-04 01:49:00,15537.0+3077.0j
2016-02-04 01:50:00,15527.0+3121.0j
2016-02-04 01:51:00,15517.0+3150.0j
2016-02-04 01:52:00,15497.0+3192.0j
2016-02-04 01:53:00,15486.0+3222.0j
2016-02-04 01:54:00,15475.0+3266.0j
2016-02-04 01:55:00,15456.0+3292.0j
2016-02-04 01:56:00,15445.0+3336.0j
2016-02-04 01:57:00,15435.0+3364.0j
2016-02-04 01:58:00,15424.0+3394.0j
2016-02-04 01:59:00,15404.0+3435.0j
2016-02-04 02:00:00,15394.0+3464.0j
2016-02-04 02:01:00,15384.0+3492.0j
2016-02-04 02:02:00,15364.0+3519.0j
2016-02-04 02:03:00,15354.0+3562.0j
2016-02-04 02:04:00,15343.0+3590.0j
2016-02-04 02:05:00,15333.0+3619.0j
2016-02-04 02:06:00,15323.0+3646.0j
2016-02-04 02:07:00,15301.0+3673.0j
2016-02-04 02:08:00,15291.0+3700.0j
2016-02-04 02:09:00,15281.0+3713.0j
2016-02-04 02:10:00,15271.0+3742.0j
2016-02-04 02:11:00,15260.0+3769.0j
2016-02-04 02:12:00,15241.0+3796.0j
2016-02-04 02:13:00,15231.0+3823.0j
2016-02-04 02:14:00,15220.0+3835.0j
2016-02-04 02:15:00,15210.0+3864.0j
2016-02-04 02:16:00,15200.0+3876.0j
2016-02-04 02:17:00,15153.0+3894.0j
2016-02-04 02:18:00,15142.0+3907.0j
2016-02-04 02:19:00,15133.0+3934.0j
2016-02-04 02:20:00,15122.0+3946.0j
2016-02-04 02:21:00,15112.0+3960.0j
2016-02-04 02:22:00,15101.0+3987.0j
2016-02-04 02:23:00,15092.0+4000.0j
2016-02-04 02:24:00,15081.0+4011.0j
2016-02-04 02:25:00,15071.0+4024.0j
2016-02-04 02:26:00,15060.0+4036.0j
2016-02-04 02:27:00,15051.0+4063.0j
2016-02-04 02:28:00,15040.0+4076.0j
2016-02-04 02:29:00,15031.0+4087.0j
2016-02-04 02:30:00,15031.0+4087.0j
2016-02-04 02:31:00,15019.0+4100.0j
2016-02-04 02:32:00,14972.0+4104.0j
2016-02-04 02:33:00,14962.0+4115.0j
2016-02-04 02:34:00,14962.0+4130.0j
2016-02-04 02:35:00,14954.0+4127.0j
2016-02-04 02:36:00,14943.0+4139.0j
2016-02-04 02:37:00,14943.0+4154.0j
2016-02-04 02:38:00,14933.0+4152.0j
2016-02-04 02:39:00,14922.0+4163.0j
2016-02-04 02:40:00,14922.0+4163.0j
2016-02-04 02:41:00,14913.0+4161.0j
2016-02-04 02:42:00,14913.0+4175.0j
2016-02-04 02:43:00,14902.0+4173.0j
2016-02-04 02:44:00,14865.0+4162.0j
2016-02-04 02:45:00,14855.0+4174.0j
2016-02-04 02:46:00,14855.0+4174.0j
2016-02-04 02:47:00,14855.0+4174.0j
2016-02-04 02:48:00,14845.0+4172.0j
2016-02-04 02:49:00,14845.0+4172.0j
2016-02-04 02:50:00,14845.0+4172.0j
2016-02-04 02:51:00,14834.0+4169.0j
2016-02-04 02:52:00,14834.0+4169.0j
2016-02-04 02:53:00,14834.0+4169.0j
2016-02-04 02:54:00,14834.0+4153.0j
2016-02-04 02:55:00,14798.0+4143.0j
2016-02-04 02:56:00,14798.0+4143.0j
2016-02-04 02:57:00,14798.0+4128.0j
2016-02-04 02:58:00,14798.0+4128.0j
2016-02-04 02:59:00,14798.0+4128.0j
2016-02-04 03:00:00,14798.0+4114.0j
2016-02-04 03:01:00,14798.0+4098.0j
2016-02-04 03:02:00,14798.0+4098.0j
2016-02-04 03:03:00,14807.0+4087.0j
2016-02-04 03:04:00,14807.0+4073.0j
2016-02-04 03:05:00,14807.0+4073.0j
2016-02-04 03:06:00,14771.0+4048.0j
2016-02-04 03:07:00,14782.0+4035.0j
2016-02-04 03:08:00,14782.0+4021.0j
2016-02-04 03:09:00,14782.0+4005.0j
2016-02-04 03:10:00,14791.0+3995.0j
2016-02-04 03:11:00,14791.0+3979.0j
2016-02-04 03:12:00,14802.0+3967.0j
2016-02-04 03:13:00,14802.0+3952.0j
2016-02-04 03:14:00,14812.0+3940.0j
2016-02-04 03:15:00,14823.0+3927.0j
2016-02-04 03:16:00,14823.0+3913.0j
2016-02-04 03:17:00,14832.0+3900.0j
2016-02-04 03:18:00,14804.0+3864.0j
2016-02-04 03:19:00,14804.0+3850.0j
2016-02-04 03:20:00,14815.0+3837.0j
2016-02-04 03:21:00,14825.0+3825.0j
2016-02-04 03:22:00,14836.0+3798.0j
2016-02-04 03:23:00,14836.0+3783.0j
2016-02-04 03:24:00,14845.0+3771.0j
2016-02-04 03:25:00,14855.0+3743.0j
2016-02-04 03:26:00,14866.0+3731.0j
2016-02-04 03:27:00,14875.0+3705.0j
2016-02-04 03:28:00,14886.0+3692.0j
2016-02-04 03:29:00,14895.0+3665.0j
2016-02-04 03:30:00,14906.0+3652.0j
2016-02-04 03:31:00,14915.0+3624.0j
2016-02-04 03:32:00,14926.0+3611.0j
2016-02-04 03:33:00,14936.0+3584.0j
2016-02-04 03:34:00,14946.0+3573.0j
2016-02-04 03:35:00,14956.0+3545.0j
2016-02-04 03:36:00,14967.0+3517.0j
2016-02-04 03:37:00,14976.0+3505.0j
2016-02-04 03:38:00,14948.0+3467.0j
2016-02-04 03:39:00,14958.0+3456.0j
2016-02-04 03:40:00,14969.0+3429.0j
2016-02-04 03:41:00,14979.0+3400.0j
2016-02-04 03:42:00,14989.0+3388.0j
2016-02-04 03:43:00,15010.0+3362.0j
2016-02-04 03:44:00,15019.0+3334.0j
2016-02-04 03:45:00,15030.0+3321.0j
2016-02-04 03:46:00,15039.0+3293.0j
2016-02-04 03:47:00,15049.0+3280.0j
2016-02-04 03:48:00,15059.0+3253.0j
2016-02-04 03:49:00,15079.0+3226.0j
2016-02-04 03:50:00,15127.0+3222.0j
2016-02-04 03:51:00,15137.0+3194.0j
2016-02-04 03:52:00,15147.0+3166.0j
2016-02-04 03:53:00,15157.0+3153.0j
2016-02-04 03:54:00,15178.0+3127.0j
2016-02-04 03:55:00,15188.0+3113.0j
2016-02-04 03:56:00,15198.0+3086.0j
2016-02-04 03:57:00,15209.0+3072.0j
2016-02-04 03:58:00,15228.0+3045.0j
2016-02-04 03:59:00,15238.0+3032.0j
2016-02-04 04:00:00,15247.0+3004.0j
2016-02-04 04:01:00,15258.0+2991.0j
2016-02-04 04:02:00,15268.0+2962.0j
2016-02-04 04:03:00,15288.0+2951.0j
2016-02-04 04:04:00,15299.0+2922.0j
2016-02-04 04:05:00,15309.0+2909.0j
2016-02-04 04:06:00,15356.0+2888.0j
2016-02-04 04:07:00,15377.0+2875.0j
2016-02-04 04:08:00,15388.0+2862.0j
2016-02-04 04:09:00,15397.0+2833.0j
2016-02-04 04:10:00,15408.0+2820.0j
2016-02-04 04:11:00,15426.0+2792.0j
2016-02-04 04:12:00,15437.0+2779.0j
2016-02-04 04:13:00,15447.0+2765.0j
2016-02-04 04:14:00,15507.0+2760.0j
2016-02-04 04:15:00,15516.0+2731.0j
2016-02-04 04:16:00,15527.0+2716.0j
2016-02-04 04:17:00,15547.0+2705.0j
2016-02-04 04:18:00,15557.0+2692.0j
2016-02-04 04:19:00,15577.0+2665.0j
2016-02-04 04:20:00,15588.0+2649.0j
2016-02-04 04:21:00,15646.0+2644.0j
2016-02-04 04:22:00,15656.0+2631.0j
2016-02-04 04:23:00,15677.0+2618.0j
2016-02-04 04:24:00,15687.0+2604.0j
2016-02-04 04:25:00,15707.0+2591.0j
2016-02-04 04:26:00,15728.0+2579.0j
2016-02-04 04:27:00,15777.0+2571.0j
2016-02-04 04:28:00,15797.0+2558.0j
2016-02-04 04:29:00,15818.0+2546.0j
2016-02-04 04:30:00,15827.0+2533.0j
2016-02-04 04:31:00,15847.0+2521.0j
2016-02-04 04:32:00,15867.0+2507.0j
2016-02-04 04:33:00,15928.0+2501.0j
2016-02-04 04:34:00,15948.0+2488.0j
2016-02-04 04:35:00,15968.0+2475.0j
2016-02-04 04:36:00,15989.0+2461.0j
2016-02-04 04:37:00,16009.0+2450.0j
2016-02-04 04:38:00,16069.0+2443.0j
2016-02-04 04:39:00,16099.0+2432.0j
2016-02-04 04:40:00,16120.0+2434.0j
2016-02-04 04:41:00,16140.0+2421.0j
2016-02-04 04:42:00,16161.0+2408.0j
2016-02-04 04:43:00,16231.0+2402.0j
2016-02-04 04:44:00,16251.0+2390.0j
2016-02-04 04:45:00,16283.0+2393.0j
2016-02-04 04:46:00,16304.0+2380.0j
2016-02-04 04:47:00,16334.0+2369.0j
2016-02-04 04:48:00,16405.0+2379.0j
2016-02-04 04:49:00,16435.0+2367.0j
2016-02-04 04:50:00,16465.0+2355.0j
2016-02-04 04:51:00,16486.0+2357.0j
2016-02-04 04:52:00,16518.0+2346.0j
2016-02-04 04:53:00,16588.0+2356.0j
2016-02-04 04:54:00,16629.0+2344.0j
2016-02-04 04:55:00,16660.0+2333.0j
2016-02-04 04:56:00,16692.0+2336.0j
2016-02-04 04:57:00,16722.0+2324.0j
2016-02-04 04:58:00,16805.0+2336.0j
2016-02-04 04:59:00,16836.0+2323.0j
2016-02-04 05:00:00,16876.0+2328.0j
2016-02-04 05:01:00,16918.0+2335.0j
2016-02-04 05:02:00,16949.0+2322.0j
2016-02-04 05:03:00,17031.0+2334.0j
2016-02-04 05:04:00,17072.0+2322.0j
2016-02-04 05:05:00,17114.0+2327.0j
2016-02-04 05:06:00,17156.0+2334.0j
2016-02-04 05:07:00,17196.0+2322.0j
2016-02-04 05:08:00,17290.0+2334.0j
2016-02-04 05:09:00,17332.0+2339.0j
2016-02-04 05:10:00,17373.0+2346.0j
2016-02-04 05:11:00,17415.0+2334.0j
2016-02-04 05:12:00,17466.0+2341.0j
2016-02-04 05:13:00,17509.0+2347.0j
2016-02-04 05:14:00,17602.0+2358.0j
2016-02-04 05:15:00,17655.0+2348.0j
2016-02-04 05:16:00,17696.0+2355.0j
2016-02-04 05:17:00,17748.0+2361.0j
2016-02-04 05:18:00,17801.0+2368.0j
2016-02-04 05:19:00,17895.0+2379.0j
2016-02-04 05:20:00,17937.0+2385.0j
2016-02-04 05:21:00,17989.0+2392.0j
2016-02-04 05:22:00,18041.0+2399.0j
2016-02-04 05:23:00,18093.0+2406.0j
2016-02-04 05:24:00,18146.0+2413.0j
2016-02-04 05:25:00,18242.0+2426.0j
2016-02-04 05:26:00,18303.0+2434.0j
2016-02-04 05:27:00,18356.0+2442.0j
2016-02-04 05:28:00,18408.0+2447.0j
2016-02-04 05:29:00,18461.0+2455.0j
2016-02-04 05:30:00,18512.0+2461.0j
2016-02-04 05:31:00,18620.0+2495.0j
2016-02-04 05:32:00,18673.0+2502.0j
2016-02-04 05:33:00,18724.0+2510.0j
2016-02-04 05:34:00,18777.0+2515.0j
2016-02-04 05:35:00,18840.0+2524.0j
2016-02-04 05:36:00,18891.0+2550.0j
2016-02-04 05:37:00,19000.0+2565.0j
2016-02-04 05:38:00,19054.0+2572.0j
2016-02-04 05:39:00,19105.0+2599.0j
2016-02-04 05:40:00,19167.0+2606.0j
2016-02-04 05:41:00,19220.0+2613.0j
2016-02-04 05:42:00,19283.0+2642.0j
2016-02-04 05:43:00,19337.0+2649.0j
2016-02-04 05:44:00,19434.0+2681.0j
2016-02-04 05:45:00,19497.0+2691.0j
2016-02-04 05:46:00,19551.0+2716.0j
2016-02-04 05:47:00,19614.0+2727.0j
2016-02-04 05:48:00,19666.0+2754.0j
2016-02-04 05:49:00,19729.0+2762.0j
2016-02-04 05:50:00,19829.0+2796.0j
2016-02-04 05:51:00,19882.0+2803.0j
2016-02-04 05:52:00,19946.0+2833.0j
2016-02-04 05:53:00,19998.0+2860.0j
2016-02-04 05:54:00,20052.0+2867.0j
2016-02-04 05:55:00,20115.0+2896.0j
2016-02-04 05:56:00,20167.0+2923.0j
2016-02-04 05:57:00,20268.0+2959.0j
2016-02-04 05:58:00,20331.0+2969.0j
2016-02-04 05:59:00,20384.0+2997.0j
2016-02-04 06:00:00,20437.0+3024.0j
2016-02-04 06:01:00,20490.0+3053.0j
2016-02-04 06:02:00,20542.0+3081.0j
2016-02-04 06:03:00,20596.0+3110.0j
2016-02-04 06:04:00,20707.0+3127.0j
2016-02-04 06:05:00,20761.0+3155.0j
2016-02-04 06:06:00,20813.0+3185.0j
2016-02-04 06:07:00,20867.0+3213.0j
2016-02-04 06:08:00,20920.0+3243.0j
2016-02-04 06:09:00,20962.0+3270.0j
2016-02-04 06:10:00,21015.0+3299.0j
2016-02-04 06:11:00,21118.0+3336.0j
2016-02-04 06:12:00,21170.0+3367.0j
2016-02-04 06:13:00,21224.0+3396.0j
2016-02-04 06:14:00,21278.0+3447.0j
2016-02-04 06:15:00,21320.0+3475.0j
2016-02-04 06:16:00,21373.0+3506.0j
2016-02-04 06:17:00,21425.0+3535.0j
2016-02-04 06:18:00,21468.0+3564.0j
2016-02-04 06:19:00,21571.0+3602.0j
2016-02-04 06:20:00,21615.0+3631.0j
2016-02-04 06:21:00,21667.0+3663.0j
2016-02-04 06:22:00,21711.0+3712.0j
2016-02-04 06:23:00,21764.0+3743.0j
2016-02-04 06:24:00,21806.0+3773.0j
2016-02-04 06:25:00,21849.0+3801.0j
2016-02-04 06:26:00,21901.0+3833.0j
2016-02-04 06:27:00,21945.0+3862.0j
2016-02-04 06:28:00,22040.0+3923.0j
2016-02-04 06:29:00,22082.0+3953.0j
2016-02-04 06:30:00,22125.0+3983.0j
2016-02-04 06:31:00,22167.0+4011.0j
2016-02-04 06:32:00,22222.0+4044.0j
2016-02-04 06:33:00,22264.0+4074.0j
2016-02-04 06:34:00,22295.0+4126.0j
2016-02-04 06:35:00,22339.0+4155.0j
2016-02-04 06:36:00,22380.0+4186.0j
2016-02-04 06:37:00,22423.0+4216.0j
2016-02-04 06:38:00,22466.0+4246.0j
2016-02-04 06:39:00,22562.0+4286.0j
2016-02-04 06:40:00,22595.0+4315.0j
2016-02-04 06:41:00,22637.0+4369.0j
2016-02-04 06:42:00,22669.0+4397.0j
2016-02-04 06:43:00,22711.0+4429.0j
2016-02-04 06:44:00,22743.0+4458.0j
2016-02-04 06:45:00,22787.0+4489.0j
2016-02-04 06:46:00,22818.0+4518.0j
2016-02-04 06:47:00,22862.0+4549.0j
2016-02-04 06:48:00,22894.0+4580.0j
2016-02-04 06:49:00,22926.0+4608.0j
2016-02-04 06:50:00,22958.0+4637.0j
2016-02-04 06:51:00,22989.0+4667.0j
2016-02-04 06:52:00,23021.0+4696.0j
2016-02-04 06:53:00,23054.0+4726.0j
2016-02-04 06:54:00,23086.0+4756.0j
2016-02-04 06:55:00,23118.0+4786.0j
2016-02-04 06:56:00,23150.0+4816.0j
2016-02-04 06:57:00,23182.0+4845.0j
2016-02-04 06:58:00,23215.0+4851.0j
2016-02-04 06:59:00,23236.0+4879.0j
2016-02-04 07:00:00,23269.0+4909.0j
2016-02-04 07:01:00,23300.0+4939.0j
2016-02-04 07:02:00,23320.0+4968.0j
2016-02-04 07:03:00,23353.0+4974.0j
2016-02-04 07:04:00,23375.0+5003.0j
2016-02-04 07:05:00,23396.0+5030.0j
2016-02-04 07:06:00,23429.0+5037.0j
2016-02-04 07:07:00,23449.0+5065.0j
2016-02-04 07:08:00,23471.0+5070.0j
2016-02-04 07:09:00,23492.0+5098.0j
2016-02-04 07:10:00,23459.0+5091.0j
2016-02-04 07:11:00,23480.0+5118.0j
2016-02-04 07:12:00,22912.0+4995.0j
2016-02-04 07:13:00,22540.0+4937.0j
2016-02-04 07:14:00,22168.0+4854.0j
2016-02-04 07:15:00,21205.0+4665.0j
2016-02-04 07:16:00,21032.0+4627.0j
2016-02-04 07:17:00,20462.0+4501.0j
2016-02-04 07:18:00,19697.0+4353.0j
2016-02-04 07:19:00,19316.0+4270.0j
2016-02-04 07:20:00,19139.0+4230.0j
2016-02-04 07:21:00,18571.0+4122.0j
2016-02-04 07:22:00,17754.0+3941.0j
2016-02-04 07:23:00,17382.0+3859.0j
2016-02-04 07:24:00,17002.0+3775.0j
2016-02-04 07:25:00,16630.0+3692.0j
2016-02-04 07:26:00,16249.0+3608.0j
2016-02-04 07:27:00,15681.0+3480.0j
2016-02-04 07:28:00,15300.0+3397.0j
2016-02-04 07:29:00,14928.0+3314.0j
2016-02-04 07:30:00,14350.0+3186.0j
2016-02-04 07:31:00,14131.0+3137.0j
2016-02-04 07:32:00,13566.0+3012.0j
2016-02-04 07:33:00,13186.0+2926.0j
2016-02-04 07:34:00,12806.0+2843.0j
2016-02-04 07:35:00,12424.0+2757.0j
2016-02-04 07:36:00,12055.0+2676.0j
2016-02-04 07:37:00,11674.0+2580.0j
2016-02-04 07:38:00,11293.0+2495.0j
2016-02-04 07:39:00,10912.0+2412.0j
2016-02-04 07:40:00,10531.0+2327.0j
2016-02-04 07:41:00,9942.0+2187.0j
2016-02-04 07:42:00,9756.0+2147.0j
2016-02-04 07:43:00,9377.0+2053.0j
2016-02-04 07:44:00,8802.0+1928.0j
2016-02-04 07:45:00,7641.0+1673.0j
2016-02-04 07:46:00,7261.0+1583.0j
2016-02-04 07:47:00,6883.0+1501.0j
2016-02-04 07:48:00,6894.0+1495.0j
2016-02-04 07:49:00,6512.0+1406.0j
2016-02-04 07:50:00,6132.0+1325.0j
2016-02-04 07:51:00,5362.0+1152.0j
2016-02-04 07:52:00,5360.0+1152.0j
2016-02-04 07:53:00,4981.0+1066.0j
2016-02-04 07:54:00,4408.0+939.0j
2016-02-04 07:55:00,4029.0+854.0j
2016-02-04 07:56:00,3844.0+815.0j
2016-02-04 07:57:00,3465.0+731.0j
2016-02-04 07:58:00,2502.0+525.0j
2016-02-04 07:59:00,2318.0+484.0j
2016-02-04 08:00:00,2135.0+443.0j
2016-02-04 08:01:00,1950.0+403.0j
2016-02-04 08:02:00,1571.0+323.0j
2016-02-04 08:03:00,1192.0+244.0j
2016-02-04 08:04:00,423.0+87.0j
2016-02-04 08:05:00,240.0+48.0j
2016-02-04 08:06:00,55.0+11.0j
2016-02-04 08:07:00,-129.0-26.0j
2016-02-04 08:08:00,-119.0-23.0j
2016-02-04 08:09:00,-497.0-98.0j
2016-02-04 08:10:00,-1266.0-250.0j
2016-02-04 08:11:00,-1646.0-323.0j
2016-02-04 08:12:00,-2024.0-395.0j
2016-02-04 08:13:00,-2792.0-542.0j
2016-02-04 08:14:00,-3170.0-612.0j
2016-02-04 08:15:00,-3355.0-641.0j
2016-02-04 08:16:00,-3734.0-710.0j
2016-02-04 08:17:00,-3919.0-741.0j
2016-02-04 08:18:00,-4492.0-845.0j
2016-02-04 08:19:00,-4871.0-910.0j
2016-02-04 08:20:00,-5261.0-973.0j
2016-02-04 08:21:00,-5640.0-1039.0j
2016-02-04 08:22:00,-6213.0-1137.0j
2016-02-04 08:23:00,-6592.0-1199.0j
2016-02-04 08:24:00,-6777.0-1227.0j
2016-02-04 08:25:00,-7155.0-1281.0j
2016-02-04 08:26:00,-7339.0-1306.0j
2016-02-04 08:27:00,-7729.0-1369.0j
2016-02-04 08:28:00,-7914.0-1393.0j
2016-02-04 08:29:00,-8097.0-1417.0j
2016-02-04 08:30:00,-8476.0-1474.0j
2016-02-04 08:31:00,-8672.0-1500.0j
2016-02-04 08:32:00,-8466.0-1456.0j
2016-02-04 08:33:00,-8476.0-1449.0j
2016-02-04 08:34:00,-9831.0-1672.0j
2016-02-04 08:35:00,-10026.0-1694.0j
2016-02-04 08:36:00,-10602.0-1782.0j
2016-02-04 08:37:00,-10992.0-1835.0j
2016-02-04 08:38:00,-10981.0-1834.0j
2016-02-04 08:39:00,-11372.0-1888.0j
2016-02-04 08:40:00,-12143.0-2004.0j
2016-02-04 08:41:00,-12337.0-2036.0j
2016-02-04 08:42:00,-12718.0-2086.0j
2016-02-04 08:43:00,-13108.0-2137.0j
2016-02-04 08:44:00,-13487.0-2198.0j
2016-02-04 08:45:00,-13683.0-2216.0j
2016-02-04 08:46:00,-14073.0-2280.0j
2016-02-04 08:47:00,-14258.0-2309.0j
2016-02-04 08:48:00,-14453.0-2327.0j
2016-02-04 08:49:00,-14648.0-2358.0j
2016-02-04 08:50:00,-15233.0-2453.0j
2016-02-04 08:51:00,-15430.0-2484.0j
2016-02-04 08:52:00,-15614.0-2513.0j
2016-02-04 08:53:00,-16395.0-2639.0j
2016-02-04 08:54:00,-16786.0-2702.0j
2016-02-04 08:55:00,-16980.0-2734.0j
2016-02-04 08:56:00,-17175.0-2765.0j
2016-02-04 08:57:00,-17567.0-2845.0j
2016-02-04 08:58:00,-17967.0-2911.0j
2016-02-04 08:59:00,-17967.0-2911.0j
2016-02-04 09:00:00,-18161.0-2961.0j
2016-02-04 09:01:00,-18553.0-3043.0j
2016-02-04 09:02:00,-18758.0-3077.0j
2016-02-04 09:03:00,-19344.0-3191.0j
2016-02-04 09:04:00,-19539.0-3244.0j
2016-02-04 09:05:00,-19550.0-3265.0j
2016-02-04 09:06:00,-20136.0-3383.0j
2016-02-04 09:07:00,-20536.0-3470.0j
2016-02-04 09:08:00,-20732.0-3524.0j
2016-02-04 09:09:00,-21327.0-3646.0j
2016-02-04 09:10:00,-21719.0-3757.0j
2016-02-04 09:11:00,-21924.0-3816.0j
2016-02-04 09:12:00,-22078.0-3864.0j
2016-02-04 09:13:00,-22466.0-3976.0j
2016-02-04 09:14:00,-22866.0-4071.0j
2016-02-04 09:15:00,-23268.0-4188.0j
2016-02-04 09:16:00,-23472.0-4249.0j
2016-02-04 09:17:00,-23669.0-4331.0j
2016-02-04 09:18:00,-24068.0-4429.0j
2016-02-04 09:19:00,-24272.0-4514.0j
2016-02-04 09:20:00,-24089.0-4528.0j
2016-02-04 09:21:00,-24490.0-4628.0j
2016-02-04 09:22:00,-25278.0-4829.0j
2016-02-04 09:23:00,-25474.0-4917.0j
2016-02-04 09:24:00,-25618.0-4995.0j
2016-02-04 09:25:00,-25434.0-4985.0j
2016-02-04 09:26:00,-26027.0-5153.0j
2016-02-04 09:27:00,-26038.0-5207.0j
2016-02-04 09:28:00,-26631.0-5379.0j
2016-02-04 09:29:00,-26837.0-5474.0j
2016-02-04 09:30:00,-27040.0-5570.0j
2016-02-04 09:31:00,-27634.0-5721.0j
2016-02-04 09:32:00,-28033.0-5860.0j
2016-02-04 09:33:00,-28044.0-5917.0j
2016-02-04 09:34:00,-28182.0-6002.0j
2016-02-04 09:35:00,-28580.0-6145.0j
2016-02-04 09:36:00,-28979.0-6260.0j
2016-02-04 09:37:00,-29376.0-6404.0j
2016-02-04 09:38:00,-29774.0-6551.0j
2016-02-04 09:39:00,-29592.0-6570.0j
2016-02-04 09:40:00,-29989.0-6688.0j
2016-02-04 09:41:00,-30000.0-6750.0j
2016-02-04 09:42:00,-29624.0-6724.0j
2016-02-04 09:43:00,-30786.0-7019.0j
2016-02-04 09:44:00,-31110.0-7155.0j
2016-02-04 09:45:00,-30347.0-7010.0j
2016-02-04 09:46:00,-31710.0-7389.0j
2016-02-04 09:47:00,-31915.0-7468.0j
2016-02-04 09:48:00,-32313.0-7626.0j
2016-02-04 09:49:00,-32322.0-7660.0j
2016-02-04 09:50:00,-32517.0-7739.0j
2016-02-04 09:51:00,-32719.0-7853.0j
2016-02-04 09:52:00,-32923.0-7935.0j
2016-02-04 09:53:00,-33322.0-8063.0j
2016-02-04 09:54:00,-33626.0-8171.0j
2016-02-04 09:55:00,-33831.0-8255.0j
2016-02-04 09:56:00,-34034.0-8337.0j
2016-02-04 09:57:00,-33648.0-8278.0j
2016-02-04 09:58:00,-34431.0-8503.0j
2016-02-04 09:59:00,-34431.0-8503.0j
2016-02-04 10:00:00,-34826.0-8637.0j
2016-02-04 10:01:00,-34826.0-8672.0j
2016-02-04 10:02:00,-35030.0-8723.0j
2016-02-04 10:03:00,-35609.0-8867.0j
2016-02-04 10:04:00,-35041.0-8760.0j
2016-02-04 10:05:00,-35620.0-8905.0j
2016-02-04 10:06:00,-35620.0-8905.0j
2016-02-04 10:07:00,-36401.0-9101.0j
2016-02-04 10:08:00,-36401.0-9101.0j
2016-02-04 10:09:00,-36892.0-9223.0j
2016-02-04 10:10:00,-36506.0-9126.0j
2016-02-04 10:11:00,-37094.0-9274.0j
2016-02-04 10:12:00,-37673.0-9418.0j
2016-02-04 10:13:00,-37480.0-9333.0j
2016-02-04 10:14:00,-37480.0-9333.0j
2016-02-04 10:15:00,-38056.0-9477.0j
2016-02-04 10:16:00,-37673.0-9343.0j
2016-02-04 10:17:00,-38249.0-9486.0j
2016-02-04 10:18:00,-38442.0-9495.0j
2016-02-04 10:19:00,-38634.0-9542.0j
2016-02-04 10:20:00,-38826.0-9551.0j
2016-02-04 10:21:00,-39019.0-9599.0j
2016-02-04 10:22:00,-39789.0-9748.0j
2016-02-04 10:23:00,-39789.0-9708.0j
2016-02-04 10:24:00,-39403.0-9615.0j
2016-02-04 10:25:00,-40175.0-9762.0j
2016-02-04 10:26:00,-39019.0-9443.0j
2016-02-04 10:27:00,-39212.0-9451.0j
2016-02-04 10:28:00,-39789.0-9550.0j
2016-02-04 10:29:00,-40366.0-9688.0j
2016-02-04 10:30:00,-40943.0-9786.0j
2016-02-04 10:31:00,-40751.0-9699.0j
2016-02-04 10:32:00,-41328.0-9795.0j
2016-02-04 10:33:00,-41510.0-9797.0j
2016-02-04 10:34:00,-41704.0-9800.0j
2016-02-04 10:35:00,-42087.0-9890.0j
2016-02-04 10:36:00,-42280.0-9894.0j
2016-02-04 10:37:00,-42472.0-9897.0j
2016-02-04 10:38:00,-42665.0-9898.0j
2016-02-04 10:39:00,-42472.0-9811.0j
2016-02-04 10:40:00,-42665.0-9813.0j
2016-02-04 10:41:00,-42087.0-9638.0j
2016-02-04 10:42:00,-42087.0-9638.0j
2016-02-04 10:43:00,-42472.0-9684.0j
2016-02-04 10:44:00,-42858.0-9729.0j
2016-02-04 10:45:00,-43049.0-9729.0j
2016-02-04 10:46:00,-43232.0-9728.0j
2016-02-04 10:47:00,-43425.0-9770.0j
2016-02-04 10:48:00,-43618.0-9770.0j
2016-02-04 10:49:00,-43820.0-9772.0j
2016-02-04 10:50:00,-44696.0-9967.0j
2016-02-04 10:51:00,-44890.0-9966.0j
2016-02-04 10:52:00,-45083.0-10008.0j
2016-02-04 10:53:00,-44696.0-9878.0j
2016-02-04 10:54:00,-44696.0-9878.0j
2016-02-04 10:55:00,-45083.0-9918.0j
2016-02-04 10:56:00,-45275.0-9961.0j
2016-02-04 10:57:00,-45661.0-10045.0j
2016-02-04 10:58:00,-45671.0-10002.0j
2016-02-04 10:59:00,-45671.0-10002.0j
2016-02-04 11:00:00,-45865.0-10044.0j
2016-02-04 11:01:00,-45865.0-10044.0j
2016-02-04 11:02:00,-45681.0-10004.0j
2016-02-04 11:03:00,-46068.0-10089.0j
2016-02-04 11:04:00,-46068.0-10089.0j
2016-02-04 11:05:00,-46465.0-10175.0j
2016-02-04 11:06:00,-46271.0-10133.0j
2016-02-04 11:07:00,-46271.0-10133.0j
2016-02-04 11:08:00,-46281.0-10182.0j
2016-02-04 11:09:00,-46391.0-10207.0j
2016-02-04 11:10:00,-46210.0-10167.0j
2016-02-04 11:11:00,-47370.0-10470.0j
2016-02-04 11:12:00,-47381.0-10472.0j
2016-02-04 11:13:00,-47574.0-10561.0j
2016-02-04 11:14:00,-47390.0-10520.0j
2016-02-04 11:15:00,-47401.0-10570.0j
2016-02-04 11:16:00,-47595.0-10614.0j
2016-02-04 11:17:00,-47218.0-10577.0j
2016-02-04 11:18:00,-47411.0-10669.0j
2016-02-04 11:19:00,-47422.0-10671.0j
2016-02-04 11:20:00,-47808.0-10804.0j
2016-02-04 11:21:00,-48401.0-10986.0j
2016-02-04 11:22:00,-48410.0-10989.0j
2016-02-04 11:23:00,-48410.0-11037.0j
2016-02-04 11:24:00,-48342.0-11070.0j
2016-02-04 11:25:00,-47954.0-11029.0j
2016-02-04 11:26:00,-48159.0-11125.0j
2016-02-04 11:27:00,-48169.0-11127.0j
2016-02-04 11:28:00,-48558.0-11266.0j
2016-02-04 11:29:00,-48761.0-11361.0j
2016-02-04 11:30:00,-48773.0-11413.0j
2016-02-04 11:31:00,-48773.0-11462.0j
2016-02-04 11:32:00,-48978.0-11511.0j
2016-02-04 11:33:00,-48978.0-11559.0j
2016-02-04 11:34:00,-49956.0-11840.0j
2016-02-04 11:35:00,-49956.0-11889.0j
2016-02-04 11:36:00,-50160.0-11989.0j
2016-02-04 11:37:00,-50172.0-12042.0j
2016-02-04 11:38:00,-50172.0-12090.0j
2016-02-04 11:39:00,-50376.0-12141.0j
2016-02-04 11:40:00,-50376.0-12191.0j
2016-02-04 11:41:00,-50580.0-12291.0j
2016-02-04 11:42:00,-50701.0-12370.0j
2016-02-04 11:43:00,-50701.0-12370.0j
2016-02-04 11:44:00,-50711.0-12425.0j
2016-02-04 11:45:00,-50711.0-12476.0j
2016-02-04 11:46:00,-50916.0-12577.0j
2016-02-04 11:47:00,-50916.0-12577.0j
2016-02-04 11:48:00,-50916.0-12628.0j
2016-02-04 11:49:00,-50927.0-12680.0j
2016-02-04 11:50:00,-50927.0-12680.0j
2016-02-04 11:51:00,-51120.0-12780.0j
2016-02-04 11:52:00,-51120.0-12780.0j
2016-02-04 11:53:00,-51131.0-12834.0j
2016-02-04 11:54:00,-51326.0-12884.0j
2016-02-04 11:55:00,-51326.0-12934.0j
2016-02-04 11:56:00,-51326.0-12934.0j
2016-02-04 11:57:00,-51326.0-12934.0j
2016-02-04 11:58:00,-51326.0-12985.0j
2016-02-04 11:59:00,-51326.0-12985.0j
2016-02-04 12:00:00,-51326.0-12985.0j
2016-02-04 12:01:00,-51326.0-12985.0j
2016-02-04 12:02:00,-51326.0-12985.0j
2016-02-04 12:03:00,-51326.0-12985.0j
2016-02-04 12:04:00,-51315.0-12983.0j
2016-02-04 12:05:00,-51315.0-12983.0j
2016-02-04 12:06:00,-51315.0-12983.0j
2016-02-04 12:07:00,-51509.0-13032.0j
2016-02-04 12:08:00,-51498.0-13029.0j
2016-02-04 12:09:00,-51498.0-13029.0j
2016-02-04 12:10:00,-51498.0-12977.0j
2016-02-04 12:11:00,-51488.0-12974.0j
2016-02-04 12:12:00,-51488.0-12974.0j
2016-02-04 12:13:00,-51478.0-12922.0j
2016-02-04 12:14:00,-51478.0-12922.0j
2016-02-04 12:15:00,-51273.0-12819.0j
2016-02-04 12:16:00,-51273.0-12819.0j
2016-02-04 12:17:00,-51261.0-12765.0j
2016-02-04 12:18:00,-51261.0-12765.0j
2016-02-04 12:19:00,-51446.0-12758.0j
2016-02-04 12:20:00,-51435.0-12756.0j
2016-02-04 12:21:00,-51435.0-12705.0j
2016-02-04 12:22:00,-51303.0-12620.0j
2016-02-04 12:23:00,-51097.0-12571.0j
2016-02-04 12:24:00,-51097.0-12519.0j
2016-02-04 12:25:00,-51087.0-12465.0j
2016-02-04 12:26:00,-51076.0-12412.0j
2016-02-04 12:27:00,-50883.0-12313.0j
2016-02-04 12:28:00,-50873.0-12311.0j
2016-02-04 12:29:00,-51056.0-12304.0j
2016-02-04 12:30:00,-50862.0-12207.0j
2016-02-04 12:31:00,-50659.0-12108.0j
2016-02-04 12:32:00,-50648.0-12055.0j
2016-02-04 12:33:00,-50637.0-12001.0j
2016-02-04 12:34:00,-50637.0-11951.0j
2016-02-04 12:35:00,-50432.0-11850.0j
2016-02-04 12:36:00,-50421.0-11799.0j
2016-02-04 12:37:00,-50411.0-11745.0j
2016-02-04 12:38:00,-50411.0-11695.0j
2016-02-04 12:39:00,-50595.0-11688.0j
2016-02-04 12:40:00,-50391.0-11590.0j
2016-02-04 12:41:00,-50391.0-11540.0j
2016-02-04 12:42:00,-50379.0-11487.0j
2016-02-04 12:43:00,-50369.0-11435.0j
2016-02-04 12:44:00,-50056.0-11263.0j
2016-02-04 12:45:00,-50046.0-11210.0j
2016-02-04 12:46:00,-50035.0-11158.0j
2016-02-04 12:47:00,-49842.0-11064.0j
2016-02-04 12:48:00,-49832.0-11014.0j
2016-02-04 12:49:00,-49821.0-10961.0j
2016-02-04 12:50:00,-49627.0-10869.0j
2016-02-04 12:51:00,-49617.0-10766.0j
2016-02-04 12:52:00,-49423.0-10676.0j
2016-02-04 12:53:00,-49220.0-10583.0j
2016-02-04 12:54:00,-49220.0-10532.0j
2016-02-04 12:55:00,-49209.0-10483.0j
2016-02-04 12:56:00,-49015.0-10391.0j
2016-02-04 12:57:00,-49005.0-10291.0j
2016-02-04 12:58:00,-48812.0-10202.0j
2016-02-04 12:59:00,-48607.0-10111.0j
2016-02-04 13:00:00,-48801.0-10101.0j
2016-02-04 13:01:00,-48607.0-10013.0j
2016-02-04 13:02:00,-48404.0-9922.0j
2016-02-04 13:03:00,-48211.0-9835.0j
2016-02-04 13:04:00,-48017.0-9700.0j
2016-02-04 13:05:00,-47824.0-9612.0j
2016-02-04 13:06:00,-47814.0-9563.0j
2016-02-04 13:07:00,-47814.0-9514.0j
2016-02-04 13:08:00,-47620.0-9429.0j
2016-02-04 13:09:00,-47620.0-9381.0j
2016-02-04 13:10:00,-47620.0-9333.0j
2016-02-04 13:11:00,-47428.0-9247.0j
2016-02-04 13:12:00,-47428.0-9202.0j
2016-02-04 13:13:00,-47233.0-9115.0j
2016-02-04 13:14:00,-47233.0-9068.0j
2016-02-04 13:15:00,-46846.0-8947.0j
2016-02-04 13:16:00,-46846.0-8901.0j
2016-02-04 13:17:00,-46653.0-8818.0j
2016-02-04 13:18:00,-46653.0-8770.0j
2016-02-04 13:19:00,-46459.0-8688.0j
2016-02-04 13:20:00,-46459.0-8642.0j
2016-02-04 13:21:00,-46266.0-8559.0j
2016-02-04 13:22:00,-46459.0-8549.0j
2016-02-04 13:23:00,-46266.0-8467.0j
2016-02-04 13:24:00,-46073.0-8385.0j
2016-02-04 13:25:00,-46073.0-8340.0j
2016-02-04 13:26:00,-45687.0-8224.0j
2016-02-04 13:27:00,-45493.0-8144.0j
2016-02-04 13:28:00,-45116.0-8030.0j
2016-02-04 13:29:00,-44730.0-7916.0j
2016-02-04 13:30:00,-44730.0-7916.0j
2016-02-04 13:31:00,-44537.0-7839.0j
2016-02-04 13:32:00,-44449.0-7779.0j
2016-02-04 13:33:00,-44449.0-7735.0j
2016-02-04 13:34:00,-44449.0-7690.0j
2016-02-04 13:35:00,-44255.0-7656.0j
2016-02-04 13:36:00,-44061.0-7579.0j
2016-02-04 13:37:00,-43868.0-7502.0j
2016-02-04 13:38:00,-43675.0-7425.0j
2016-02-04 13:39:00,-43480.0-7392.0j
2016-02-04 13:40:00,-43490.0-7350.0j
2016-02-04 13:41:00,-43297.0-7274.0j
2016-02-04 13:42:00,-43103.0-7241.0j
2016-02-04 13:43:00,-43103.0-7198.0j
2016-02-04 13:44:00,-42715.0-7090.0j
2016-02-04 13:45:00,-42715.0-7090.0j
2016-02-04 13:46:00,-42521.0-7016.0j
2016-02-04 13:47:00,-42134.0-6952.0j
2016-02-04 13:48:00,-42123.0-6908.0j
2016-02-04 13:49:00,-41929.0-6834.0j
2016-02-04 13:50:00,-41736.0-6803.0j
2016-02-04 13:51:00,-41542.0-6730.0j
2016-02-04 13:52:00,-41447.0-6714.0j
2016-02-04 13:53:00,-41252.0-6684.0j
2016-02-04 13:54:00,-41058.0-6611.0j
2016-02-04 13:55:00,-40852.0-6578.0j
2016-02-04 13:56:00,-40852.0-6536.0j
2016-02-04 13:57:00,-40464.0-6475.0j
2016-02-04 13:58:00,-40464.0-6475.0j
2016-02-04 13:59:00,-40259.0-6401.0j
2016-02-04 14:00:00,-40066.0-6371.0j
2016-02-04 14:01:00,-40066.0-6371.0j
2016-02-04 14:02:00,-39860.0-6298.0j
2016-02-04 14:03:00,-39666.0-6268.0j
2016-02-04 14:04:00,-39461.0-6235.0j
2016-02-04 14:05:00,-39461.0-6235.0j
2016-02-04 14:06:00,-39256.0-6202.0j
2016-02-04 14:07:00,-39062.0-6172.0j
2016-02-04 14:08:00,-38858.0-6101.0j
2016-02-04 14:09:00,-38744.0-6083.0j
2016-02-04 14:10:00,-38549.0-6053.0j
2016-02-04 14:11:00,-38150.0-5989.0j
2016-02-04 14:12:00,-37944.0-5958.0j
2016-02-04 14:13:00,-37750.0-5926.0j
2016-02-04 14:14:00,-37543.0-5895.0j
2016-02-04 14:15:00,-37533.0-5892.0j
2016-02-04 14:16:00,-37132.0-5830.0j
2016-02-04 14:17:00,-36927.0-5798.0j
2016-02-04 14:18:00,-36527.0-5734.0j
2016-02-04 14:19:00,-36333.0-5704.0j
2016-02-04 14:20:00,-36128.0-5672.0j
2016-02-04 14:21:00,-35338.0-5547.0j
2016-02-04 14:22:00,-35133.0-5516.0j
2016-02-04 14:23:00,-34733.0-5454.0j
2016-02-04 14:24:00,-34516.0-5419.0j
2016-02-04 14:25:00,-34312.0-5387.0j
2016-02-04 14:26:00,-34382.0-5433.0j
2016-02-04 14:27:00,-33981.0-5368.0j
2016-02-04 14:28:00,-33776.0-5336.0j
2016-02-04 14:29:00,-33569.0-5303.0j
2016-02-04 14:30:00,-33744.0-5332.0j
2016-02-04 14:31:00,-33537.0-5299.0j
2016-02-04 14:32:00,-33332.0-5267.0j
2016-02-04 14:33:00,-33115.0-5233.0j
2016-02-04 14:34:00,-32909.0-5200.0j
2016-02-04 14:35:00,-32704.0-5200.0j
2016-02-04 14:36:00,-32487.0-5167.0j
2016-02-04 14:37:00,-32086.0-5102.0j
2016-02-04 14:38:00,-31870.0-5068.0j
2016-02-04 14:39:00,-31663.0-5035.0j
2016-02-04 14:40:00,-31253.0-4969.0j
2016-02-04 14:41:00,-31046.0-4937.0j
2016-02-04 14:42:00,-30831.0-4933.0j
2016-02-04 14:43:00,-30429.0-4869.0j
2016-02-04 14:44:00,-30213.0-4835.0j
2016-02-04 14:45:00,-29996.0-4799.0j
2016-02-04 14:46:00,-29664.0-4746.0j
2016-02-04 14:47:00,-29448.0-4712.0j
2016-02-04 14:48:00,-29231.0-4677.0j
2016-02-04 14:49:00,-28819.0-4611.0j
2016-02-04 14:50:00,-28612.0-4607.0j
2016-02-04 14:51:00,-28396.0-4572.0j
2016-02-04 14:52:00,-28178.0-4537.0j
2016-02-04 14:53:00,-27767.0-4471.0j
2016-02-04 14:54:00,-27549.0-4436.0j
2016-02-04 14:55:00,-27136.0-4369.0j
2016-02-04 14:56:00,-26919.0-4334.0j
2016-02-04 14:57:00,-26507.0-4266.0j
2016-02-04 14:58:00,-26290.0-4232.0j
2016-02-04 14:59:00,-25877.0-4166.0j
2016-02-04 15:00:00,-25660.0-4131.0j
2016-02-04 15:01:00,-25248.0-4065.0j
2016-02-04 15:02:00,-25032.0-4030.0j
2016-02-04 15:03:00,-24619.0-3964.0j
2016-02-04 15:04:00,-24392.0-3927.0j
2016-02-04 15:05:00,-24174.0-3892.0j
2016-02-04 15:06:00,-23958.0-3856.0j
2016-02-04 15:07:00,-23545.0-3790.0j
2016-02-04 15:08:00,-23318.0-3731.0j
2016-02-04 15:09:00,-23099.0-3696.0j
2016-02-04 15:10:00,-22883.0-3661.0j
2016-02-04 15:11:00,-22459.0-3595.0j
2016-02-04 15:12:00,-22047.0-3528.0j
2016-02-04 15:13:00,-21819.0-3491.0j
2016-02-04 15:14:00,-21407.0-3425.0j
2016-02-04 15:15:00,-21179.0-3367.0j
2016-02-04 15:16:00,-20768.0-3301.0j
2016-02-04 15:17:00,-20539.0-3266.0j
2016-02-04 15:18:00,-20311.0-3230.0j
2016-02-04 15:19:00,-19899.0-3164.0j
2016-02-04 15:20:00,-19476.0-3078.0j
2016-02-04 15:21:00,-19248.0-3041.0j
2016-02-04 15:22:00,-18825.0-2975.0j
2016-02-04 15:23:00,-18598.0-2939.0j
2016-02-04 15:24:00,-18174.0-2871.0j
2016-02-04 15:25:00,-17958.0-2820.0j
2016-02-04 15:26:00,-17524.0-2751.0j
2016-02-04 15:27:00,-17100.0-2684.0j
2016-02-04 15:28:00,-16677.0-2618.0j
2016-02-04 15:29:00,-16487.0-2572.0j
2016-02-04 15:30:00,-16261.0-2536.0j
2016-02-04 15:31:00,-15836.0-2470.0j
2016-02-04 15:32:00,-15402.0-2403.0j
2016-02-04 15:33:00,-14977.0-2322.0j
2016-02-04 15:34:00,-14749.0-2286.0j
2016-02-04 15:35:00,-14314.0-2218.0j
2016-02-04 15:36:00,-14075.0-2182.0j
2016-02-04 15:37:00,-13651.0-2102.0j
2016-02-04 15:38:00,-13412.0-2067.0j
2016-02-04 15:39:00,-12987.0-2001.0j
2016-02-04 15:40:00,-12750.0-1950.0j
2016-02-04 15:41:00,-12511.0-1914.0j
2016-02-04 15:42:00,-12076.0-1847.0j
2016-02-04 15:43:00,-11641.0-1782.0j
2016-02-04 15:44:00,-11206.0-1703.0j
2016-02-04 15:45:00,-10967.0-1667.0j
2016-02-04 15:46:00,-10140.0-1542.0j
2016-02-04 15:47:00,-10293.0-1564.0j
2016-02-04 15:48:00,-9849.0-1487.0j
2016-02-04 15:49:00,-9413.0-1421.0j
2016-02-04 15:50:00,-9175.0-1385.0j
2016-02-04 15:51:00,-8728.0-1318.0j
2016-02-04 15:52:00,-8294.0-1253.0j
2016-02-04 15:53:00,-7848.0-1177.0j
2016-02-04 15:54:00,-7627.0-1144.0j
2016-02-04 15:55:00,-7377.0-1107.0j
2016-02-04 15:56:00,-6735.0-1010.0j
2016-02-04 15:57:00,-6288.0-943.0j
2016-02-04 15:58:00,-5645.0-841.0j
2016-02-04 15:59:00,-5789.0-862.0j
2016-02-04 16:00:00,-5340.0-797.0j
2016-02-04 16:01:00,-4895.0-729.0j
2016-02-04 16:02:00,-4449.0-663.0j
2016-02-04 16:03:00,-3991.0-595.0j
2016-02-04 16:04:00,-3741.0-554.0j
2016-02-04 16:05:00,-3480.0-515.0j
2016-02-04 16:06:00,-3041.0-451.0j
2016-02-04 16:07:00,-2583.0-383.0j
2016-02-04 16:08:00,-2333.0-345.0j
2016-02-04 16:09:00,-2072.0-307.0j
2016-02-04 16:10:00,-1613.0-240.0j
2016-02-04 16:11:00,-1154.0-171.0j
2016-02-04 16:12:00,-696.0-103.0j
2016-02-04 16:13:00,-51.0-8.0j
2016-02-04 16:14:00,209.0+31.0j
2016-02-04 16:15:00,275.0+41.0j
2016-02-04 16:16:00,745.0+111.0j
2016-02-04 16:17:00,1205.0+177.0j
2016-02-04 16:18:00,1466.0+215.0j
2016-02-04 16:19:00,1926.0+283.0j
2016-02-04 16:20:00,2384.0+351.0j
2016-02-04 16:21:00,2845.0+419.0j
2016-02-04 16:22:00,3125.0+459.0j
2016-02-04 16:23:00,3584.0+527.0j
2016-02-04 16:24:00,4045.0+595.0j
2016-02-04 16:25:00,4318.0+634.0j
2016-02-04 16:26:00,4779.0+702.0j
2016-02-04 16:27:00,5250.0+772.0j
2016-02-04 16:28:00,5711.0+840.0j
2016-02-04 16:29:00,5983.0+886.0j
2016-02-04 16:30:00,6260.0+928.0j
2016-02-04 16:31:00,6325.0+936.0j
2016-02-04 16:32:00,6997.0+1036.0j
2016-02-04 16:33:00,7271.0+1076.0j
2016-02-04 16:34:00,7929.0+1174.0j
2016-02-04 16:35:00,7807.0+1155.0j
2016-02-04 16:36:00,8070.0+1194.0j
2016-02-04 16:37:00,8562.0+1267.0j
2016-02-04 16:38:00,9025.0+1336.0j
2016-02-04 16:39:00,9300.0+1376.0j
2016-02-04 16:40:00,9762.0+1444.0j
2016-02-04 16:41:00,9838.0+1456.0j
2016-02-04 16:42:00,10101.0+1495.0j
2016-02-04 16:43:00,10973.0+1624.0j
2016-02-04 16:44:00,10838.0+1604.0j
2016-02-04 16:45:00,11338.0+1689.0j
2016-02-04 16:46:00,12001.0+1789.0j
2016-02-04 16:47:00,11679.0+1740.0j
2016-02-04 16:48:00,11544.0+1720.0j
2016-02-04 16:49:00,11420.0+1702.0j
2016-02-04 16:50:00,11684.0+1741.0j
2016-02-04 16:51:00,11948.0+1780.0j
2016-02-04 16:52:00,12024.0+1792.0j
2016-02-04 16:53:00,11691.0+1742.0j
2016-02-04 16:54:00,11557.0+1722.0j
2016-02-04 16:55:00,11448.0+1717.0j
2016-02-04 16:56:00,10525.0+1579.0j
2016-02-04 16:57:00,8791.0+1318.0j
2016-02-04 16:58:00,9856.0+1480.0j
2016-02-04 16:59:00,11720.0+1757.0j
2016-02-04 17:00:00,14383.0+2157.0j
2016-02-04 17:01:00,16245.0+2437.0j
2016-02-04 17:02:00,19109.0+2866.0j
2016-02-04 17:03:00,31764.0+4764.0j
2016-02-04 17:04:00,31829.0+4774.0j
2016-02-04 17:05:00,31883.0+4783.0j
2016-02-04 17:06:00,31949.0+4824.0j
2016-02-04 17:07:00,32013.0+4835.0j
2016-02-04 17:08:00,32066.0+4842.0j
2016-02-04 17:09:00,32207.0+4863.0j
2016-02-04 17:10:00,32273.0+4872.0j
2016-02-04 17:11:00,32327.0+4882.0j
2016-02-04 17:12:00,32381.0+4890.0j
2016-02-04 17:13:00,32447.0+4900.0j
2016-02-04 17:14:00,32500.0+4907.0j
2016-02-04 17:15:00,32555.0+4916.0j
2016-02-04 17:16:00,32609.0+4925.0j
2016-02-04 17:17:00,32663.0+4965.0j
2016-02-04 17:18:00,32717.0+4973.0j
2016-02-04 17:19:00,32772.0+4981.0j
2016-02-04 17:20:00,32827.0+4990.0j
2016-02-04 17:21:00,32881.0+4997.0j
2016-02-04 17:22:00,32924.0+5004.0j
2016-02-04 17:23:00,32979.0+5013.0j
2016-02-04 17:24:00,33034.0+5021.0j
2016-02-04 17:25:00,33077.0+5028.0j
2016-02-04 17:26:00,33120.0+5034.0j
2016-02-04 17:27:00,33175.0+5042.0j
2016-02-04 17:28:00,33218.0+5049.0j
2016-02-04 17:29:00,33261.0+5056.0j
2016-02-04 17:30:00,33305.0+5063.0j
2016-02-04 17:31:00,33349.0+5069.0j
2016-02-04 17:32:00,33392.0+5075.0j
2016-02-04 17:33:00,33435.0+5116.0j
2016-02-04 17:34:00,33468.0+5121.0j
2016-02-04 17:35:00,33512.0+5126.0j
2016-02-04 17:36:00,33556.0+5134.0j
2016-02-04 17:37:00,33588.0+5139.0j
2016-02-04 17:38:00,33620.0+5145.0j
2016-02-04 17:39:00,33664.0+5151.0j
2016-02-04 17:40:00,33696.0+5156.0j
2016-02-04 17:41:00,33728.0+5161.0j
2016-02-04 17:42:00,33761.0+5167.0j
2016-02-04 17:43:00,33782.0+5169.0j
2016-02-04 17:44:00,33815.0+5174.0j
2016-02-04 17:45:00,33847.0+5179.0j
2016-02-04 17:46:00,33870.0+5182.0j
2016-02-04 17:47:00,33902.0+5188.0j
2016-02-04 17:48:00,33924.0+5190.0j
2016-02-04 17:49:00,33946.0+5194.0j
2016-02-04 17:50:00,34046.0+5209.0j
2016-02-04 17:51:00,34067.0+5213.0j
2016-02-04 17:52:00,34090.0+5215.0j
2016-02-04 17:53:00,34100.0+5183.0j
2016-02-04 17:54:00,34122.0+5186.0j
2016-02-04 17:55:00,34144.0+5190.0j
2016-02-04 17:56:00,34155.0+5192.0j
2016-02-04 17:57:00,34166.0+5194.0j
2016-02-04 17:58:00,34177.0+5194.0j
2016-02-04 17:59:00,34188.0+5196.0j
2016-02-04 18:00:00,34198.0+5200.0j
2016-02-04 18:01:00,34210.0+5200.0j
2016-02-04 18:02:00,34210.0+5200.0j
2016-02-04 18:03:00,34221.0+5202.0j
2016-02-04 18:04:00,34221.0+5202.0j
2016-02-04 18:05:00,34221.0+5167.0j
2016-02-04 18:06:00,34221.0+5167.0j
2016-02-04 18:07:00,34310.0+5181.0j
2016-02-04 18:08:00,34299.0+5180.0j
2016-02-04 18:09:00,34299.0+5180.0j
2016-02-04 18:10:00,34299.0+5180.0j
2016-02-04 18:11:00,34288.0+5178.0j
2016-02-04 18:12:00,34288.0+5178.0j
2016-02-04 18:13:00,34277.0+5141.0j
2016-02-04 18:14:00,34277.0+5141.0j
2016-02-04 18:15:00,34266.0+5139.0j
2016-02-04 18:16:00,34256.0+5139.0j
2016-02-04 18:17:00,34244.0+5137.0j
2016-02-04 18:18:00,34312.0+5147.0j
2016-02-04 18:19:00,34301.0+5145.0j
2016-02-04 18:20:00,34291.0+5109.0j
2016-02-04 18:21:00,34268.0+5106.0j
2016-02-04 18:22:00,34257.0+5104.0j
2016-02-04 18:23:00,34246.0+5103.0j
2016-02-04 18:24:00,34224.0+5099.0j
2016-02-04 18:25:00,34214.0+5098.0j
2016-02-04 18:26:00,34191.0+5061.0j
2016-02-04 18:27:00,34248.0+5069.0j
2016-02-04 18:28:00,34236.0+5067.0j
2016-02-04 18:29:00,34215.0+5063.0j
2016-02-04 18:30:00,34193.0+5061.0j
2016-02-04 18:31:00,34170.0+5023.0j
2016-02-04 18:32:00,34149.0+5020.0j
2016-02-04 18:33:00,34127.0+5017.0j
2016-02-04 18:34:00,34105.0+5014.0j
2016-02-04 18:35:00,34084.0+5010.0j
2016-02-04 18:36:00,34062.0+5007.0j
2016-02-04 18:37:00,34118.0+4981.0j
2016-02-04 18:38:00,34095.0+4979.0j
2016-02-04 18:39:00,34063.0+4973.0j
2016-02-04 18:40:00,34040.0+4970.0j
2016-02-04 18:41:00,34019.0+4967.0j
2016-02-04 18:42:00,33997.0+4963.0j
2016-02-04 18:43:00,33975.0+4927.0j
2016-02-04 18:44:00,33942.0+4922.0j
2016-02-04 18:45:00,33920.0+4918.0j
2016-02-04 18:46:00,33898.0+4914.0j
2016-02-04 18:47:00,33865.0+4911.0j
2016-02-04 18:48:00,33843.0+4907.0j
2016-02-04 18:49:00,33899.0+4882.0j
2016-02-04 18:50:00,33864.0+4876.0j
2016-02-04 18:51:00,33843.0+4873.0j
2016-02-04 18:52:00,33820.0+4870.0j
2016-02-04 18:53:00,33798.0+4867.0j
2016-02-04 18:54:00,33765.0+4862.0j
2016-02-04 18:55:00,33743.0+4859.0j
2016-02-04 18:56:00,33722.0+4822.0j
2016-02-04 18:57:00,33700.0+4819.0j
2016-02-04 18:58:00,33666.0+4814.0j
2016-02-04 18:59:00,33644.0+4811.0j
2016-02-04 19:00:00,33622.0+4808.0j
2016-02-04 19:01:00,33600.0+4804.0j
2016-02-04 19:02:00,33578.0+4802.0j
2016-02-04 19:03:00,33556.0+4799.0j
2016-02-04 19:04:00,33534.0+4795.0j
2016-02-04 19:05:00,33513.0+4792.0j
2016-02-04 19:06:00,33490.0+4756.0j
2016-02-04 19:07:00,33467.0+4753.0j
2016-02-04 19:08:00,33445.0+4748.0j
2016-02-04 19:09:00,33424.0+4746.0j
2016-02-04 19:10:00,33402.0+4742.0j
2016-02-04 19:11:00,33379.0+4740.0j
2016-02-04 19:12:00,33357.0+4737.0j
2016-02-04 19:13:00,33336.0+4734.0j
2016-02-04 19:14:00,33314.0+4731.0j
2016-02-04 19:15:00,33302.0+4728.0j
2016-02-04 19:16:00,33280.0+4726.0j
2016-02-04 19:17:00,33258.0+4724.0j
2016-02-04 19:18:00,33236.0+4720.0j
2016-02-04 19:19:00,33213.0+4716.0j
2016-02-04 19:20:00,33203.0+4715.0j
2016-02-04 19:21:00,33181.0+4712.0j
2016-02-04 19:22:00,33159.0+4708.0j
2016-02-04 19:23:00,33061.0+4694.0j
2016-02-04 19:24:00,33051.0+4693.0j
2016-02-04 19:25:00,33028.0+4691.0j
2016-02-04 19:26:00,33006.0+4687.0j
2016-02-04 19:27:00,32984.0+4683.0j
2016-02-04 19:28:00,32973.0+4683.0j
2016-02-04 19:29:00,32951.0+4680.0j
2016-02-04 19:30:00,32930.0+4676.0j
2016-02-04 19:31:00,32907.0+4672.0j
2016-02-04 19:32:00,32885.0+4670.0j
2016-02-04 19:33:00,32874.0+4669.0j
2016-02-04 19:34:00,32852.0+4665.0j
2016-02-04 19:35:00,32830.0+4662.0j
2016-02-04 19:36:00,32809.0+4658.0j
2016-02-04 19:37:00,32786.0+4656.0j
2016-02-04 19:38:00,32690.0+4642.0j
2016-02-04 19:39:00,32679.0+4640.0j
2016-02-04 19:40:00,32657.0+4637.0j
2016-02-04 19:41:00,32635.0+4602.0j
2016-02-04 19:42:00,32613.0+4599.0j
2016-02-04 19:43:00,32591.0+4595.0j
2016-02-04 19:44:00,32570.0+4593.0j
2016-02-04 19:45:00,32548.0+4590.0j
2016-02-04 19:46:00,32525.0+4586.0j
2016-02-04 19:47:00,32503.0+4582.0j
2016-02-04 19:48:00,32482.0+4580.0j
2016-02-04 19:49:00,32460.0+4576.0j
2016-02-04 19:50:00,32427.0+4572.0j
2016-02-04 19:51:00,32405.0+4569.0j
2016-02-04 19:52:00,32308.0+4555.0j
2016-02-04 19:53:00,32287.0+4552.0j
2016-02-04 19:54:00,32254.0+4547.0j
2016-02-04 19:55:00,32232.0+4544.0j
2016-02-04 19:56:00,32210.0+4541.0j
2016-02-04 19:57:00,32177.0+4537.0j
2016-02-04 19:58:00,32155.0+4534.0j
2016-02-04 19:59:00,32134.0+4531.0j
2016-02-04 20:00:00,32101.0+4526.0j
2016-02-04 20:01:00,32068.0+4521.0j
2016-02-04 20:02:00,32046.0+4519.0j
2016-02-04 20:03:00,32014.0+4514.0j
2016-02-04 20:04:00,31992.0+4511.0j
2016-02-04 20:05:00,31958.0+4506.0j
2016-02-04 20:06:00,31925.0+4501.0j
2016-02-04 20:07:00,31893.0+4497.0j
2016-02-04 20:08:00,31860.0+4492.0j
2016-02-04 20:09:00,31827.0+4456.0j
2016-02-04 20:10:00,31794.0+4451.0j
2016-02-04 20:11:00,31762.0+4446.0j
2016-02-04 20:12:00,31729.0+4442.0j
2016-02-04 20:13:00,31696.0+4438.0j
2016-02-04 20:14:00,31663.0+4432.0j
2016-02-04 20:15:00,31630.0+4428.0j
2016-02-04 20:16:00,31598.0+4424.0j
2016-02-04 20:17:00,31491.0+4408.0j
2016-02-04 20:18:00,31448.0+4403.0j
2016-02-04 20:19:00,31416.0+4397.0j
2016-02-04 20:20:00,31384.0+4394.0j
2016-02-04 20:21:00,31340.0+4355.0j
2016-02-04 20:22:00,31307.0+4352.0j
2016-02-04 20:23:00,31263.0+4345.0j
2016-02-04 20:24:00,31219.0+4340.0j
2016-02-04 20:25:00,31186.0+4335.0j
2016-02-04 20:26:00,31143.0+4329.0j
2016-02-04 20:27:00,31098.0+4322.0j
2016-02-04 20:28:00,31066.0+4318.0j
2016-02-04 20:29:00,31022.0+4312.0j
2016-02-04 20:30:00,30979.0+4307.0j
2016-02-04 20:31:00,30935.0+4299.0j
2016-02-04 20:32:00,30891.0+4263.0j
2016-02-04 20:33:00,30847.0+4256.0j
2016-02-04 20:34:00,30804.0+4251.0j
2016-02-04 20:35:00,30760.0+4244.0j
2016-02-04 20:36:00,30787.0+4249.0j
2016-02-04 20:37:00,30744.0+4242.0j
2016-02-04 20:38:00,30688.0+4235.0j
2016-02-04 20:39:00,30644.0+4229.0j
2016-02-04 20:40:00,30601.0+4223.0j
2016-02-04 20:41:00,30546.0+4216.0j
2016-02-04 20:42:00,30502.0+4209.0j
2016-02-04 20:43:00,30458.0+4204.0j
2016-02-04 20:44:00,30403.0+4196.0j
2016-02-04 20:45:00,30349.0+4159.0j
2016-02-04 20:46:00,30304.0+4152.0j
2016-02-04 20:47:00,30250.0+4144.0j
2016-02-04 20:48:00,30195.0+4137.0j
2016-02-04 20:49:00,30151.0+4131.0j
2016-02-04 20:50:00,30097.0+4123.0j
2016-02-04 20:51:00,30043.0+4116.0j
2016-02-04 20:52:00,29988.0+4108.0j
2016-02-04 20:53:00,29934.0+4100.0j
2016-02-04 20:54:00,29878.0+4093.0j
2016-02-04 20:55:00,29823.0+4086.0j
2016-02-04 20:56:00,29768.0+4078.0j
2016-02-04 20:57:00,29714.0+4071.0j
2016-02-04 20:58:00,29659.0+4063.0j
2016-02-04 20:59:00,29594.0+4055.0j
2016-02-04 21:00:00,29539.0+4047.0j
2016-02-04 21:01:00,29484.0+4039.0j
2016-02-04 21:02:00,29417.0+4030.0j
2016-02-04 21:03:00,29363.0+4022.0j
2016-02-04 21:04:00,29298.0+4015.0j
2016-02-04 21:05:00,29243.0+4007.0j
2016-02-04 21:06:00,29177.0+3997.0j
2016-02-04 21:07:00,29122.0+3989.0j
2016-02-04 21:08:00,29057.0+3981.0j
2016-02-04 21:09:00,28991.0+3973.0j
2016-02-04 21:10:00,28926.0+3962.0j
2016-02-04 21:11:00,28871.0+3955.0j
2016-02-04 21:12:00,28805.0+3975.0j
2016-02-04 21:13:00,28740.0+3966.0j
2016-02-04 21:14:00,28674.0+3956.0j
2016-02-04 21:15:00,28608.0+3948.0j
2016-02-04 21:16:00,28542.0+3939.0j
2016-02-04 21:17:00,28477.0+3929.0j
2016-02-04 21:18:00,28411.0+3921.0j
2016-02-04 21:19:00,28346.0+3940.0j
2016-02-04 21:20:00,28269.0+3929.0j
2016-02-04 21:21:00,28202.0+3920.0j
2016-02-04 21:22:00,28136.0+3911.0j
2016-02-04 21:23:00,28072.0+3901.0j
2016-02-04 21:24:00,27996.0+3919.0j
2016-02-04 21:25:00,27930.0+3910.0j
2016-02-04 21:26:00,27927.0+3910.0j
2016-02-04 21:27:00,27851.0+3927.0j
2016-02-04 21:28:00,27785.0+3918.0j
2016-02-04 21:29:00,27708.0+3907.0j
2016-02-04 21:30:00,27643.0+3925.0j
2016-02-04 21:31:00,27565.0+3914.0j
2016-02-04 21:32:00,27500.0+3932.0j
2016-02-04 21:33:00,27423.0+3921.0j
2016-02-04 21:34:00,27356.0+3912.0j
2016-02-04 21:35:00,27280.0+3929.0j
2016-02-04 21:36:00,27204.0+3918.0j
2016-02-04 21:37:00,27137.0+3934.0j
2016-02-04 21:38:00,27060.0+3952.0j
2016-02-04 21:39:00,26983.0+3940.0j
2016-02-04 21:40:00,26907.0+3955.0j
2016-02-04 21:41:00,26841.0+3946.0j
2016-02-04 21:42:00,26763.0+3962.0j
2016-02-04 21:43:00,26687.0+3976.0j
2016-02-04 21:44:00,26549.0+3956.0j
2016-02-04 21:45:00,26473.0+3971.0j
2016-02-04 21:46:00,26407.0+3987.0j
2016-02-04 21:47:00,26330.0+4002.0j
2016-02-04 21:48:00,26254.0+4017.0j
2016-02-04 21:49:00,26178.0+4005.0j
2016-02-04 21:50:00,26101.0+4019.0j
2016-02-04 21:51:00,26025.0+4033.0j
2016-02-04 21:52:00,25948.0+4049.0j
2016-02-04 21:53:00,25871.0+4063.0j
2016-02-04 21:54:00,25795.0+4076.0j
2016-02-04 21:55:00,25718.0+4089.0j
2016-02-04 21:56:00,25641.0+4104.0j
2016-02-04 21:57:00,25564.0+4116.0j
2016-02-04 21:58:00,25488.0+4154.0j
2016-02-04 21:59:00,25412.0+4168.0j
2016-02-04 22:00:00,25335.0+4181.0j
2016-02-04 22:01:00,25257.0+4194.0j
2016-02-04 22:02:00,25180.0+4231.0j
2016-02-04 22:03:00,25105.0+4242.0j
2016-02-04 22:04:00,25028.0+4255.0j
2016-02-04 22:05:00,24952.0+4292.0j
2016-02-04 22:06:00,24875.0+4304.0j
2016-02-04 22:07:00,24798.0+4315.0j
2016-02-04 22:08:00,24722.0+4351.0j
2016-02-04 22:09:00,24578.0+4350.0j
2016-02-04 22:10:00,24501.0+4386.0j
2016-02-04 22:11:00,24425.0+4396.0j
2016-02-04 22:12:00,24348.0+4431.0j
2016-02-04 22:13:00,24271.0+4465.0j
2016-02-04 22:14:00,24195.0+4476.0j
2016-02-04 22:15:00,24118.0+4511.0j
2016-02-04 22:16:00,24042.0+4519.0j
2016-02-04 22:17:00,23966.0+4554.0j
2016-02-04 22:18:00,23890.0+4587.0j
2016-02-04 22:19:00,23813.0+4596.0j
2016-02-04 22:20:00,23737.0+4629.0j
2016-02-04 22:21:00,23661.0+4661.0j
2016-02-04 22:22:00,23530.0+4683.0j
2016-02-04 22:23:00,23464.0+4693.0j
2016-02-04 22:24:00,23388.0+4724.0j
2016-02-04 22:25:00,23312.0+4756.0j
2016-02-04 22:26:00,23236.0+4763.0j
2016-02-04 22:27:00,23159.0+4794.0j
2016-02-04 22:28:00,23083.0+4824.0j
2016-02-04 22:29:00,23017.0+4857.0j
2016-02-04 22:30:00,22940.0+4864.0j
2016-02-04 22:31:00,22864.0+4892.0j
2016-02-04 22:32:00,22747.0+4913.0j
2016-02-04 22:33:00,22671.0+4919.0j
2016-02-04 22:34:00,22595.0+4948.0j
2016-02-04 22:35:00,22529.0+4980.0j
2016-02-04 22:36:00,22453.0+4985.0j
2016-02-04 22:37:00,22388.0+5015.0j
2016-02-04 22:38:00,22312.0+5042.0j
2016-02-04 22:39:00,22246.0+5050.0j
2016-02-04 22:40:00,22170.0+5077.0j
2016-02-04 22:41:00,22054.0+5094.0j
2016-02-04 22:42:00,21989.0+5102.0j
2016-02-04 22:43:00,21924.0+5131.0j
2016-02-04 22:44:00,21849.0+5134.0j
2016-02-04 22:45:00,21784.0+5162.0j
2016-02-04 22:46:00,21719.0+5169.0j
2016-02-04 22:47:00,21653.0+5196.0j
2016-02-04 22:48:00,21589.0+5202.0j
2016-02-04 22:49:00,21474.0+5217.0j
2016-02-04 22:50:00,21409.0+5224.0j
2016-02-04 22:51:00,21343.0+5229.0j
2016-02-04 22:52:00,21279.0+5256.0j
2016-02-04 22:53:00,21224.0+5263.0j
2016-02-04 22:54:00,21158.0+5269.0j
2016-02-04 22:55:00,21094.0+5273.0j
2016-02-04 22:56:00,21039.0+5303.0j
2016-02-04 22:57:00,20927.0+5295.0j
2016-02-04 22:58:00,20873.0+5303.0j
2016-02-04 22:59:00,20807.0+5305.0j
2016-02-04 23:00:00,20755.0+5313.0j
2016-02-04 23:01:00,20700.0+5320.0j
2016-02-04 23:02:00,20646.0+5326.0j
2016-02-04 23:03:00,20582.0+5330.0j
2016-02-04 23:04:00,20480.0+5325.0j
2016-02-04 23:05:00,20425.0+5311.0j
2016-02-04 23:06:00,20372.0+5317.0j
2016-02-04 23:07:00,20318.0+5324.0j
2016-02-04 23:08:00,20275.0+5333.0j
2016-02-04 23:09:00,20220.0+5318.0j
2016-02-04 23:10:00,20167.0+5324.0j
2016-02-04 23:11:00,20124.0+5333.0j
2016-02-04 23:12:00,20024.0+5305.0j
2016-02-04 23:13:00,19970.0+5312.0j
2016-02-04 23:14:00,19927.0+5300.0j
2016-02-04 23:15:00,19883.0+5309.0j
2016-02-04 23:16:00,19830.0+5295.0j
2016-02-04 23:17:00,19787.0+5283.0j
2016-02-04 23:18:00,19744.0+5291.0j
2016-02-04 23:19:00,19644.0+5265.0j
2016-02-04 23:20:00,19600.0+5253.0j
2016-02-04 23:21:00,19559.0+5262.0j
2016-02-04 23:22:00,19516.0+5250.0j
2016-02-04 23:23:00,19473.0+5237.0j
2016-02-04 23:24:00,19429.0+5247.0j
2016-02-04 23:25:00,19386.0+5235.0j
2016-02-04 23:26:00,19344.0+5223.0j
2016-02-04 23:27:00,19267.0+5202.0j
2016-02-04 23:28:00,19224.0+5190.0j
2016-02-04 23:29:00,19182.0+5180.0j
2016-02-04 23:30:00,19150.0+5170.0j
2016-02-04 23:31:00,19107.0+5159.0j
2016-02-04 23:32:00,19063.0+5167.0j
2016-02-04 23:33:00,19032.0+5158.0j
2016-02-04 23:34:00,18945.0+5134.0j
2016-02-04 23:35:00,18912.0+5126.0j
2016-02-04 23:36:00,18880.0+5117.0j
2016-02-04 23:37:00,18836.0+5105.0j
2016-02-04 23:38:00,18807.0+5096.0j
2016-02-04 23:39:00,18774.0+5089.0j
2016-02-04 23:40:00,18731.0+5058.0j
2016-02-04 23:41:00,18655.0+5036.0j
2016-02-04 23:42:00,18622.0+5028.0j
2016-02-04 23:43:00,18591.0+5020.0j
2016-02-04 23:44:00,18559.0+5011.0j
2016-02-04 23:45:00,18526.0+5003.0j
2016-02-04 23:46:00,18495.0+4993.0j
2016-02-04 23:47:00,18464.0+4985.0j
2016-02-04 23:48:00,18432.0+4976.0j
2016-02-04 23:49:00,18356.0+4956.0j
2016-02-04 23:50:00,18325.0+4947.0j
2016-02-04 23:51:00,18292.0+4939.0j
2016-02-04 23:52:00,18260.0+4930.0j
2016-02-04 23:53:00,18239.0+4906.0j
2016-02-04 23:54:00,18208.0+4897.0j
2016-02-04 23:55:00,18176.0+4890.0j
2016-02-04 23:56:00,18144.0+4881.0j
2016-02-04 23:57:00,18080.0+4863.0j
2016-02-04 23:58:00,18048.0+4855.0j
2016-02-04 23:59:00,18026.0+4849.0j
2016-02-05 00:00:00,17994.0+4841.0j
2016-02-05 00:01:00,17963.0+4831.0j
2016-02-05 00:02:00,17942.0+4827.0j
2016-02-05 00:03:00,17910.0+4818.0j
2016-02-05 00:04:00,17847.0+4801.0j
2016-02-05 00:05:00,17814.0+4792.0j
2016-02-05 00:06:00,17793.0+4786.0j
2016-02-05 00:07:00,17773.0+4781.0j
2016-02-05 00:08:00,17740.0+4773.0j
2016-02-05 00:09:00,17719.0+4767.0j
2016-02-05 00:10:00,17698.0+4761.0j
2016-02-05 00:11:00,17668.0+4753.0j
2016-02-05 00:12:00,17645.0+4747.0j
2016-02-05 00:13:00,17582.0+4730.0j
2016-02-05 00:14:00,17561.0+4724.0j
2016-02-05 00:15:00,17530.0+4716.0j
2016-02-05 00:16:00,17509.0+4710.0j
2016-02-05 00:17:00,17489.0+4705.0j
2016-02-05 00:18:00,17466.0+4698.0j
2016-02-05 00:19:00,17445.0+4693.0j
2016-02-05 00:20:00,17425.0+4705.0j
2016-02-05 00:21:00,17362.0+4687.0j
2016-02-05 00:22:00,17340.0+4683.0j
2016-02-05 00:23:00,17319.0+4676.0j
2016-02-05 00:24:00,17299.0+4671.0j
2016-02-05 00:25:00,17278.0+4665.0j
2016-02-05 00:26:00,17257.0+4659.0j
2016-02-05 00:27:00,17236.0+4653.0j
2016-02-05 00:28:00,17215.0+4648.0j
2016-02-05 00:29:00,17194.0+4642.0j
2016-02-05 00:30:00,17173.0+4654.0j
2016-02-05 00:31:00,17120.0+4640.0j
2016-02-05 00:32:00,17101.0+4635.0j
2016-02-05 00:33:00,17080.0+4628.0j
2016-02-05 00:34:00,17058.0+4623.0j
2016-02-05 00:35:00,17048.0+4620.0j
2016-02-05 00:36:00,17027.0+4615.0j
2016-02-05 00:37:00,17006.0+4609.0j
2016-02-05 00:38:00,16995.0+4623.0j
2016-02-05 00:39:00,16974.0+4617.0j
2016-02-05 00:40:00,16963.0+4615.0j
2016-02-05 00:41:00,16903.0+4597.0j
2016-02-05 00:42:00,16892.0+4595.0j
2016-02-05 00:43:00,16871.0+4589.0j
2016-02-05 00:44:00,16860.0+4586.0j
2016-02-05 00:45:00,16840.0+4580.0j
2016-02-05 00:46:00,16829.0+4595.0j
2016-02-05 00:47:00,16808.0+4588.0j
2016-02-05 00:48:00,16797.0+4586.0j
2016-02-05 00:49:00,16787.0+4582.0j
2016-02-05 00:50:00,16777.0+4580.0j
2016-02-05 00:51:00,16755.0+4574.0j
2016-02-05 00:52:00,16745.0+4572.0j
2016-02-05 00:53:00,16694.0+4558.0j
2016-02-05 00:54:00,16685.0+4554.0j
2016-02-05 00:55:00,16664.0+4566.0j
2016-02-05 00:56:00,16652.0+4562.0j
2016-02-05 00:57:00,16642.0+4560.0j
2016-02-05 00:58:00,16631.0+4558.0j
2016-02-05 00:59:00,16621.0+4554.0j
2016-02-05 01:00:00,16611.0+4552.0j
2016-02-05 01:01:00,16601.0+4549.0j
2016-02-05 01:02:00,16590.0+4547.0j
2016-02-05 01:03:00,16580.0+4543.0j
2016-02-05 01:04:00,16569.0+4540.0j
2016-02-05 01:05:00,16559.0+4538.0j
2016-02-05 01:06:00,16549.0+4534.0j
2016-02-05 01:07:00,16539.0+4531.0j
2016-02-05 01:08:00,16539.0+4548.0j
2016-02-05 01:09:00,16487.0+4534.0j
2016-02-05 01:10:00,16478.0+4531.0j
2016-02-05 01:11:00,16467.0+4528.0j
2016-02-05 01:12:00,16457.0+4526.0j
2016-02-05 01:13:00,16457.0+4526.0j
2016-02-05 01:14:00,16445.0+4524.0j
2016-02-05 01:15:00,16436.0+4519.0j
2016-02-05 01:16:00,16436.0+4519.0j
2016-02-05 01:17:00,16425.0+4517.0j
2016-02-05 01:18:00,16416.0+4514.0j
2016-02-05 01:19:00,16416.0+4514.0j
2016-02-05 01:20:00,16405.0+4511.0j
2016-02-05 01:21:00,16395.0+4508.0j
2016-02-05 01:22:00,16395.0+4508.0j
2016-02-05 01:23:00,16384.0+4506.0j
2016-02-05 01:24:00,16384.0+4506.0j
2016-02-05 01:25:00,16374.0+4504.0j
2016-02-05 01:26:00,16374.0+4504.0j
2016-02-05 01:27:00,16362.0+4499.0j
2016-02-05 01:28:00,16362.0+4499.0j
2016-02-05 01:29:00,16353.0+4497.0j
2016-02-05 01:30:00,16353.0+4497.0j
2016-02-05 01:31:00,16342.0+4494.0j
2016-02-05 01:32:00,16304.0+4484.0j
2016-02-05 01:33:00,16292.0+4481.0j
2016-02-05 01:34:00,16292.0+4481.0j
2016-02-05 01:35:00,16283.0+4478.0j
2016-02-05 01:36:00,16283.0+4478.0j
2016-02-05 01:37:00,16272.0+4459.0j
2016-02-05 01:38:00,16272.0+4459.0j
2016-02-05 01:39:00,16262.0+4456.0j
2016-02-05 01:40:00,16262.0+4456.0j
2016-02-05 01:41:00,16262.0+4456.0j
2016-02-05 01:42:00,16251.0+4452.0j
2016-02-05 01:43:00,16251.0+4452.0j
2016-02-05 01:44:00,16240.0+4450.0j
2016-02-05 01:45:00,16240.0+4450.0j
2016-02-05 01:46:00,16230.0+4447.0j
2016-02-05 01:47:00,16230.0+4447.0j
2016-02-05 01:48:00,16230.0+4447.0j
2016-02-05 01:49:00,16220.0+4443.0j
2016-02-05 01:50:00,16220.0+4443.0j
2016-02-05 01:51:00,16209.0+4441.0j
2016-02-05 01:52:00,16209.0+4441.0j
2016-02-05 01:53:00,16161.0+4428.0j
2016-02-05 01:54:00,16161.0+4410.0j
2016-02-05 01:55:00,16150.0+4408.0j
2016-02-05 01:56:00,16150.0+4408.0j
2016-02-05 01:57:00,16140.0+4406.0j
2016-02-05 01:58:00,16140.0+4406.0j
2016-02-05 01:59:00,16128.0+4403.0j
2016-02-05 02:00:00,16128.0+4403.0j
2016-02-05 02:01:00,16118.0+4400.0j
2016-02-05 02:02:00,16118.0+4400.0j
2016-02-05 02:03:00,16108.0+4397.0j
2016-02-05 02:04:00,16108.0+4397.0j
2016-02-05 02:05:00,16098.0+4395.0j
2016-02-05 02:06:00,16098.0+4395.0j
2016-02-05 02:07:00,16050.0+4365.0j
2016-02-05 02:08:00,16050.0+4365.0j
2016-02-05 02:09:00,16038.0+4362.0j
2016-02-05 02:10:00,16038.0+4362.0j
2016-02-05 02:11:00,16028.0+4360.0j
2016-02-05 02:12:00,16028.0+4360.0j
2016-02-05 02:13:00,16017.0+4357.0j
2016-02-05 02:14:00,16007.0+4354.0j
2016-02-05 02:15:00,16007.0+4354.0j
2016-02-05 02:16:00,15997.0+4351.0j
2016-02-05 02:17:00,15997.0+4351.0j
2016-02-05 02:18:00,15948.0+4338.0j
2016-02-05 02:19:00,15948.0+4321.0j
2016-02-05 02:20:00,15936.0+4319.0j
2016-02-05 02:21:00,15936.0+4319.0j
2016-02-05 02:22:00,15927.0+4317.0j
2016-02-05 02:23:00,15927.0+4317.0j
2016-02-05 02:24:00,15916.0+4313.0j
2016-02-05 02:25:00,15916.0+4313.0j
2016-02-05 02:26:00,15906.0+4310.0j
2016-02-05 02:27:00,15867.0+4299.0j
2016-02-05 02:28:00,15857.0+4297.0j
2016-02-05 02:29:00,15857.0+4297.0j
2016-02-05 02:30:00,15857.0+4297.0j
2016-02-05 02:31:00,15847.0+4294.0j
2016-02-05 02:32:00,15847.0+4278.0j
2016-02-05 02:33:00,15837.0+4276.0j
2016-02-05 02:34:00,15837.0+4276.0j
2016-02-05 02:35:00,15837.0+4276.0j
2016-02-05 02:36:00,15788.0+4263.0j
2016-02-05 02:37:00,15788.0+4263.0j
2016-02-05 02:38:00,15788.0+4263.0j
2016-02-05 02:39:00,15788.0+4263.0j
2016-02-05 02:40:00,15777.0+4260.0j
2016-02-05 02:41:00,15777.0+4260.0j
2016-02-05 02:42:00,15777.0+4260.0j
2016-02-05 02:43:00,15777.0+4260.0j
2016-02-05 02:44:00,15777.0+4260.0j
2016-02-05 02:45:00,15777.0+4260.0j
2016-02-05 02:46:00,15740.0+4250.0j
2016-02-05 02:47:00,15740.0+4250.0j
2016-02-05 02:48:00,15740.0+4250.0j
2016-02-05 02:49:00,15740.0+4250.0j
2016-02-05 02:50:00,15740.0+4250.0j
2016-02-05 02:51:00,15740.0+4250.0j
2016-02-05 02:52:00,15740.0+4250.0j
2016-02-05 02:53:00,15740.0+4250.0j
2016-02-05 02:54:00,15740.0+4250.0j
2016-02-05 02:55:00,15701.0+4239.0j
2016-02-05 02:56:00,15712.0+4242.0j
2016-02-05 02:57:00,15712.0+4242.0j
2016-02-05 02:58:00,15712.0+4242.0j
2016-02-05 02:59:00,15721.0+4244.0j
2016-02-05 03:00:00,15721.0+4244.0j
2016-02-05 03:01:00,15721.0+4244.0j
2016-02-05 03:02:00,15732.0+4248.0j
2016-02-05 03:03:00,15732.0+4248.0j
2016-02-05 03:04:00,15742.0+4250.0j
2016-02-05 03:05:00,15753.0+4252.0j
2016-02-05 03:06:00,15713.0+4242.0j
2016-02-05 03:07:00,15723.0+4244.0j
2016-02-05 03:08:00,15734.0+4249.0j
2016-02-05 03:09:00,15734.0+4264.0j
2016-02-05 03:10:00,15744.0+4266.0j
2016-02-05 03:11:00,15754.0+4270.0j
2016-02-05 03:12:00,15764.0+4272.0j
2016-02-05 03:13:00,15775.0+4275.0j
2016-02-05 03:14:00,15775.0+4275.0j
2016-02-05 03:15:00,15785.0+4277.0j
2016-02-05 03:16:00,15795.0+4280.0j
2016-02-05 03:17:00,15805.0+4283.0j
2016-02-05 03:18:00,15815.0+4286.0j
2016-02-05 03:19:00,15825.0+4305.0j
2016-02-05 03:20:00,15835.0+4307.0j
2016-02-05 03:21:00,15808.0+4299.0j
2016-02-05 03:22:00,15827.0+4305.0j
2016-02-05 03:23:00,15837.0+4307.0j
2016-02-05 03:24:00,15847.0+4310.0j
2016-02-05 03:25:00,15858.0+4313.0j
2016-02-05 03:26:00,15867.0+4332.0j
2016-02-05 03:27:00,15878.0+4335.0j
2016-02-05 03:28:00,15899.0+4340.0j
2016-02-05 03:29:00,15908.0+4342.0j
2016-02-05 03:30:00,15919.0+4346.0j
2016-02-05 03:31:00,15929.0+4365.0j
2016-02-05 03:32:00,15949.0+4370.0j
2016-02-05 03:33:00,15959.0+4373.0j
2016-02-05 03:34:00,15969.0+4375.0j
2016-02-05 03:35:00,15989.0+4381.0j
2016-02-05 03:36:00,16000.0+4400.0j
2016-02-05 03:37:00,16010.0+4403.0j
2016-02-05 03:38:00,16031.0+4408.0j
2016-02-05 03:39:00,16042.0+4410.0j
2016-02-05 03:40:00,16061.0+4416.0j
2016-02-05 03:41:00,16072.0+4436.0j
2016-02-05 03:42:00,16082.0+4438.0j
2016-02-05 03:43:00,16101.0+4443.0j
2016-02-05 03:44:00,16112.0+4447.0j
2016-02-05 03:45:00,16133.0+4469.0j
2016-02-05 03:46:00,16183.0+4483.0j
2016-02-05 03:47:00,16202.0+4488.0j
2016-02-05 03:48:00,16212.0+4492.0j
2016-02-05 03:49:00,16233.0+4514.0j
2016-02-05 03:50:00,16243.0+4517.0j
2016-02-05 03:51:00,16264.0+4521.0j
2016-02-05 03:52:00,16274.0+4541.0j
2016-02-05 03:53:00,16294.0+4547.0j
2016-02-05 03:54:00,16305.0+4549.0j
2016-02-05 03:55:00,16325.0+4554.0j
2016-02-05 03:56:00,16334.0+4574.0j
2016-02-05 03:57:00,16395.0+4591.0j
2016-02-05 03:58:00,16406.0+4594.0j
2016-02-05 03:59:00,16427.0+4615.0j
2016-02-05 04:00:00,16437.0+4618.0j
2016-02-05 04:01:00,16447.0+4622.0j
2016-02-05 04:02:00,16467.0+4644.0j
2016-02-05 04:03:00,16478.0+4648.0j
2016-02-05 04:04:00,16539.0+4663.0j
2016-02-05 04:05:00,16549.0+4683.0j
2016-02-05 04:06:00,16569.0+4690.0j
2016-02-05 04:07:00,16580.0+4692.0j
2016-02-05 04:08:00,16600.0+4715.0j
2016-02-05 04:09:00,16651.0+4728.0j
2016-02-05 04:10:00,16672.0+4735.0j
2016-02-05 04:11:00,16683.0+4753.0j
2016-02-05 04:12:00,16703.0+4760.0j
2016-02-05 04:13:00,16713.0+4763.0j
2016-02-05 04:14:00,16773.0+4796.0j
2016-02-05 04:15:00,16784.0+4801.0j
2016-02-05 04:16:00,16805.0+4806.0j
2016-02-05 04:17:00,16825.0+4829.0j
2016-02-05 04:18:00,16876.0+4843.0j
2016-02-05 04:19:00,16897.0+4849.0j
2016-02-05 04:20:00,16907.0+4851.0j
2016-02-05 04:21:00,16928.0+4875.0j
2016-02-05 04:22:00,16990.0+4892.0j
2016-02-05 04:23:00,17001.0+4896.0j
2016-02-05 04:24:00,17020.0+4903.0j
2016-02-05 04:25:00,17042.0+4925.0j
2016-02-05 04:26:00,17104.0+4943.0j
2016-02-05 04:27:00,17125.0+4949.0j
2016-02-05 04:28:00,17135.0+4952.0j
2016-02-05 04:29:00,17156.0+4958.0j
2016-02-05 04:30:00,17218.0+4975.0j
2016-02-05 04:31:00,17238.0+4982.0j
2016-02-05 04:32:00,17259.0+4988.0j
2016-02-05 04:33:00,17280.0+5011.0j
2016-02-05 04:34:00,17342.0+5030.0j
2016-02-05 04:35:00,17363.0+5036.0j
2016-02-05 04:36:00,17395.0+5045.0j
2016-02-05 04:37:00,17415.0+5050.0j
2016-02-05 04:38:00,17479.0+5051.0j
2016-02-05 04:39:00,17499.0+5058.0j
2016-02-05 04:40:00,17531.0+5066.0j
2016-02-05 04:41:00,17594.0+5084.0j
2016-02-05 04:42:00,17624.0+5093.0j
2016-02-05 04:43:00,17646.0+5099.0j
2016-02-05 04:44:00,17678.0+5091.0j
2016-02-05 04:45:00,17740.0+5109.0j
2016-02-05 04:46:00,17773.0+5118.0j
2016-02-05 04:47:00,17803.0+5127.0j
2016-02-05 04:48:00,17824.0+5116.0j
2016-02-05 04:49:00,17899.0+5137.0j
2016-02-05 04:50:00,17931.0+5128.0j
2016-02-05 04:51:00,17961.0+5137.0j
2016-02-05 04:52:00,17993.0+5128.0j
2016-02-05 04:53:00,18026.0+5137.0j
2016-02-05 04:54:00,18111.0+5144.0j
2016-02-05 04:55:00,18141.0+5152.0j
2016-02-05 04:56:00,18173.0+5144.0j
2016-02-05 04:57:00,18205.0+5134.0j
2016-02-05 04:58:00,18290.0+5159.0j
2016-02-05 04:59:00,18323.0+5148.0j
2016-02-05 05:00:00,18365.0+5141.0j
2016-02-05 05:01:00,18407.0+5136.0j
2016-02-05 05:02:00,18439.0+5126.0j
2016-02-05 05:03:00,18524.0+5131.0j
2016-02-05 05:04:00,18567.0+5124.0j
2016-02-05 05:05:00,18609.0+5118.0j
2016-02-05 05:06:00,18653.0+5111.0j
2016-02-05 05:07:00,18695.0+5104.0j
2016-02-05 05:08:00,18736.0+5096.0j
2016-02-05 05:09:00,18834.0+5104.0j
2016-02-05 05:10:00,18877.0+5096.0j
2016-02-05 05:11:00,18919.0+5071.0j
2016-02-05 05:12:00,18973.0+5066.0j
2016-02-05 05:13:00,19014.0+5058.0j
2016-02-05 05:14:00,19068.0+5052.0j
2016-02-05 05:15:00,19110.0+5026.0j
2016-02-05 05:16:00,19208.0+5034.0j
2016-02-05 05:17:00,19262.0+5028.0j
2016-02-05 05:18:00,19316.0+5003.0j
2016-02-05 05:19:00,19358.0+4995.0j
2016-02-05 05:20:00,19411.0+4969.0j
2016-02-05 05:21:00,19464.0+4962.0j
2016-02-05 05:22:00,19517.0+4958.0j
2016-02-05 05:23:00,19571.0+4932.0j
2016-02-05 05:24:00,19670.0+4938.0j
2016-02-05 05:25:00,19723.0+4912.0j
2016-02-05 05:26:00,19777.0+4905.0j
2016-02-05 05:27:00,19840.0+4882.0j
2016-02-05 05:28:00,19894.0+4874.0j
2016-02-05 05:29:00,19949.0+4848.0j
2016-02-05 05:30:00,20001.0+4840.0j
2016-02-05 05:31:00,20065.0+4816.0j
2016-02-05 05:32:00,20117.0+4808.0j
2016-02-05 05:33:00,20172.0+4801.0j
2016-02-05 05:34:00,20235.0+4775.0j
2016-02-05 05:35:00,20337.0+4779.0j
2016-02-05 05:36:00,20401.0+4753.0j
2016-02-05 05:37:00,20454.0+4746.0j
2016-02-05 05:38:00,20518.0+4740.0j
2016-02-05 05:39:00,20571.0+4711.0j
2016-02-05 05:40:00,20637.0+4705.0j
2016-02-05 05:41:00,20689.0+4676.0j
2016-02-05 05:42:00,20755.0+4670.0j
2016-02-05 05:43:00,20818.0+4663.0j
2016-02-05 05:44:00,20871.0+4655.0j
2016-02-05 05:45:00,20936.0+4627.0j
2016-02-05 05:46:00,21000.0+4620.0j
2016-02-05 05:47:00,21053.0+4610.0j
2016-02-05 05:48:00,21117.0+4604.0j
2016-02-05 05:49:00,21181.0+4596.0j
2016-02-05 05:50:00,21246.0+4590.0j
2016-02-05 05:51:00,21349.0+4590.0j
2016-02-05 05:52:00,21413.0+4582.0j
2016-02-05 05:53:00,21478.0+4574.0j
2016-02-05 05:54:00,21542.0+4567.0j
2016-02-05 05:55:00,21597.0+4557.0j
2016-02-05 05:56:00,21659.0+4549.0j
2016-02-05 05:57:00,21725.0+4541.0j
2016-02-05 05:58:00,21789.0+4532.0j
2016-02-05 05:59:00,21843.0+4544.0j
2016-02-05 06:00:00,21907.0+4535.0j
2016-02-05 06:01:00,21971.0+4526.0j
2016-02-05 06:02:00,22024.0+4537.0j
2016-02-05 06:03:00,22088.0+4528.0j
2016-02-05 06:04:00,22154.0+4541.0j
2016-02-05 06:05:00,22217.0+4532.0j
2016-02-05 06:06:00,22272.0+4544.0j
2016-02-05 06:07:00,22335.0+4557.0j
2016-02-05 06:08:00,22400.0+4547.0j
2016-02-05 06:09:00,22453.0+4559.0j
2016-02-05 06:10:00,22570.0+4582.0j
2016-02-05 06:11:00,22624.0+4593.0j
2016-02-05 06:12:00,22689.0+4606.0j
2016-02-05 06:13:00,22742.0+4617.0j
2016-02-05 06:14:00,22807.0+4630.0j
2016-02-05 06:15:00,22862.0+4641.0j
2016-02-05 06:16:00,22926.0+4654.0j
2016-02-05 06:17:00,22980.0+4664.0j
2016-02-05 06:18:00,23043.0+4678.0j
2016-02-05 06:19:00,23097.0+4689.0j
2016-02-05 06:20:00,23152.0+4699.0j
2016-02-05 06:21:00,23215.0+4713.0j
2016-02-05 06:22:00,23270.0+4747.0j
2016-02-05 06:23:00,23324.0+4759.0j
2016-02-05 06:24:00,23376.0+4769.0j
2016-02-05 06:25:00,23441.0+4782.0j
2016-02-05 06:26:00,23495.0+4816.0j
2016-02-05 06:27:00,23549.0+4827.0j
2016-02-05 06:28:00,23603.0+4862.0j
2016-02-05 06:29:00,23656.0+4873.0j
2016-02-05 06:30:00,23765.0+4895.0j
2016-02-05 06:31:00,23819.0+4930.0j
2016-02-05 06:32:00,23862.0+4939.0j
2016-02-05 06:33:00,23916.0+4974.0j
2016-02-05 06:34:00,23971.0+5009.0j
2016-02-05 06:35:00,24024.0+5021.0j
2016-02-05 06:36:00,24067.0+5054.0j
2016-02-05 06:37:00,24121.0+5066.0j
2016-02-05 06:38:00,24165.0+5099.0j
2016-02-05 06:39:00,24217.0+5110.0j
2016-02-05 06:40:00,24261.0+5144.0j
2016-02-05 06:41:00,24304.0+5177.0j
2016-02-05 06:42:00,24358.0+5189.0j
2016-02-05 06:43:00,24401.0+5222.0j
2016-02-05 06:44:00,24444.0+5256.0j
2016-02-05 06:45:00,24488.0+5265.0j
2016-02-05 06:46:00,24531.0+5298.0j
2016-02-05 06:47:00,24574.0+5333.0j
2016-02-05 06:48:00,24615.0+5340.0j
2016-02-05 06:49:00,24659.0+5376.0j
2016-02-05 06:50:00,24749.0+5421.0j
2016-02-05 06:51:00,24792.0+5455.0j
2016-02-05 06:52:00,24835.0+5464.0j
2016-02-05 06:53:00,24868.0+5496.0j
2016-02-05 06:54:00,24901.0+5527.0j
2016-02-05 06:55:00,24944.0+5537.0j
2016-02-05 06:56:00,24977.0+5569.0j
2016-02-05 06:57:00,25009.0+5602.0j
2016-02-05 06:58:00,25042.0+5634.0j
2016-02-05 06:59:00,25073.0+5642.0j
2016-02-05 07:00:00,25105.0+5674.0j
2016-02-05 07:01:00,25138.0+5705.0j
2016-02-05 07:02:00,25170.0+5713.0j
2016-02-05 07:03:00,25191.0+5744.0j
2016-02-05 07:04:00,25224.0+5777.0j
2016-02-05 07:05:00,25246.0+5781.0j
2016-02-05 07:06:00,25267.0+5812.0j
2016-02-05 07:07:00,25300.0+5844.0j
2016-02-05 07:08:00,25322.0+5849.0j
2016-02-05 07:09:00,25343.0+5879.0j
2016-02-05 07:10:00,25365.0+5910.0j
2016-02-05 07:11:00,24789.0+5776.0j
2016-02-05 07:12:00,24868.0+5820.0j
2016-02-05 07:13:00,24492.0+5756.0j
2016-02-05 07:14:00,24114.0+5667.0j
2016-02-05 07:15:00,24336.0+5744.0j
2016-02-05 07:16:00,23948.0+5650.0j
2016-02-05 07:17:00,23571.0+5586.0j
2016-02-05 07:18:00,23382.0+5542.0j
2016-02-05 07:19:00,23204.0+5523.0j
2016-02-05 07:20:00,23016.0+5501.0j
2016-02-05 07:21:00,22638.0+5411.0j
2016-02-05 07:22:00,22451.0+5388.0j
2016-02-05 07:23:00,22272.0+5346.0j
2016-02-05 07:24:00,22084.0+5323.0j
2016-02-05 07:25:00,21895.0+5277.0j
2016-02-05 07:26:00,21707.0+5253.0j
2016-02-05 07:27:00,21718.0+5256.0j
2016-02-05 07:28:00,21130.0+5134.0j
2016-02-05 07:29:00,21150.0+5139.0j
2016-02-05 07:30:00,20963.0+5116.0j
2016-02-05 07:31:00,20775.0+5069.0j
2016-02-05 07:32:00,20585.0+5044.0j
2016-02-05 07:33:00,20187.0+4946.0j
2016-02-05 07:34:00,19998.0+4919.0j
2016-02-05 07:35:00,20009.0+4923.0j
2016-02-05 07:36:00,19821.0+4896.0j
2016-02-05 07:37:00,19433.0+4801.0j
2016-02-05 07:38:00,19444.0+4822.0j
2016-02-05 07:39:00,19255.0+4775.0j
2016-02-05 07:40:00,19067.0+4748.0j
2016-02-05 07:41:00,18668.0+4648.0j
2016-02-05 07:42:00,18678.0+4650.0j
2016-02-05 07:43:00,18491.0+4623.0j
2016-02-05 07:44:00,18302.0+4575.0j
2016-02-05 07:45:00,18103.0+4544.0j
2016-02-05 07:46:00,17714.0+4446.0j
2016-02-05 07:47:00,17925.0+4517.0j
2016-02-05 07:48:00,18134.0+4570.0j
2016-02-05 07:49:00,17947.0+4521.0j
2016-02-05 07:50:00,17747.0+4491.0j
2016-02-05 07:51:00,16163.0+4089.0j
2016-02-05 07:52:00,14978.0+3788.0j
2016-02-05 07:53:00,11998.0+3047.0j
2016-02-05 07:54:00,12208.0+3100.0j
2016-02-05 07:55:00,12607.0+3203.0j
2016-02-05 07:56:00,12419.0+3166.0j
2016-02-05 07:57:00,12229.0+3119.0j
2016-02-05 07:58:00,12042.0+3070.0j
2016-02-05 07:59:00,10456.0+2677.0j
2016-02-05 08:00:00,9471.0+2425.0j
2016-02-05 08:01:00,8685.0+2224.0j
2016-02-05 08:02:00,6901.0+1773.0j
2016-02-05 08:03:00,4917.0+1263.0j
2016-02-05 08:04:00,4131.0+1061.0j
2016-02-05 08:05:00,3942.0+1014.0j
2016-02-05 08:06:00,5947.0+1535.0j
2016-02-05 08:07:00,8748.0+2258.0j
2016-02-05 08:08:00,10366.0+2674.0j
2016-02-05 08:09:00,7785.0+2009.0j
2016-02-05 08:10:00,7995.0+2071.0j
2016-02-05 08:11:00,4217.0+1093.0j
2016-02-05 08:12:00,5015.0+1299.0j
2016-02-05 08:13:00,5235.0+1356.0j
2016-02-05 08:14:00,4848.0+1255.0j
2016-02-05 08:15:00,3466.0+901.0j
2016-02-05 08:16:00,1487.0+386.0j
2016-02-05 08:17:00,-877.0-229.0j
2016-02-05 08:18:00,1321.0+343.0j
2016-02-05 08:19:00,2127.0+553.0j
2016-02-05 08:20:00,359.0+93.0j
2016-02-05 08:21:00,-28.0-8.0j
2016-02-05 08:22:00,-216.0-56.0j
2016-02-05 08:23:00,998.0+261.0j
2016-02-05 08:24:00,-185.0-48.0j
2016-02-05 08:25:00,5805.0+1515.0j
2016-02-05 08:26:00,8998.0+2349.0j
2016-02-05 08:27:00,7997.0+2088.0j
2016-02-05 08:28:00,5636.0+1472.0j
2016-02-05 08:29:00,6839.0+1784.0j
2016-02-05 08:30:00,8050.0+2102.0j
2016-02-05 08:31:00,11038.0+2880.0j
2016-02-05 08:32:00,12636.0+3299.0j
2016-02-05 08:33:00,15039.0+3925.0j
2016-02-05 08:34:00,16042.0+4187.0j
2016-02-05 08:35:00,17452.0+4538.0j
2016-02-05 08:36:00,16670.0+4334.0j
2016-02-05 08:37:00,18279.0+4753.0j
2016-02-05 08:38:00,17892.0+4652.0j
2016-02-05 08:39:00,18102.0+4706.0j
2016-02-05 08:40:00,18279.0+4753.0j
2016-02-05 08:41:00,14924.0+3880.0j
2016-02-05 08:42:00,14748.0+3820.0j
2016-02-05 08:43:00,13967.0+3617.0j
2016-02-05 08:44:00,13779.0+3568.0j
2016-02-05 08:45:00,10633.0+2755.0j
2016-02-05 08:46:00,8466.0+2184.0j
2016-02-05 08:47:00,8289.0+2138.0j
2016-02-05 08:48:00,6518.0+1681.0j
2016-02-05 08:49:00,6331.0+1627.0j
2016-02-05 08:50:00,4769.0+1226.0j
2016-02-05 08:51:00,5769.0+1476.0j
2016-02-05 08:52:00,5186.0+1328.0j
2016-02-05 08:53:00,642.0+164.0j
2016-02-05 08:54:00,2638.0+673.0j
2016-02-05 08:55:00,2649.0+675.0j
2016-02-05 08:56:00,3845.0+977.0j
2016-02-05 08:57:00,2078.0+528.0j
2016-02-05 08:58:00,3877.0+981.0j
2016-02-05 08:59:00,5863.0+1484.0j
2016-02-05 09:00:00,4688.0+1183.0j
2016-02-05 09:01:00,8650.0+2170.0j
2016-02-05 09:02:00,10636.0+2670.0j
2016-02-05 09:03:00,11634.0+2909.0j
2016-02-05 09:04:00,12830.0+3196.0j
2016-02-05 09:05:00,11470.0+2856.0j
2016-02-05 09:06:00,8912.0+2211.0j
2016-02-05 09:07:00,11491.0+2838.0j
2016-02-05 09:08:00,11304.0+2781.0j
2016-02-05 09:09:00,13061.0+3213.0j
2016-02-05 09:10:00,12876.0+3155.0j
2016-02-05 09:11:00,18010.0+4395.0j
2016-02-05 09:12:00,18021.0+4379.0j
2016-02-05 09:13:00,18612.0+4504.0j
2016-02-05 09:14:00,14089.0+3410.0j
2016-02-05 09:15:00,17844.0+4299.0j
2016-02-05 09:16:00,18054.0+4332.0j
2016-02-05 09:17:00,14516.0+3470.0j
2016-02-05 09:18:00,17285.0+4114.0j
2016-02-05 09:19:00,14734.0+3492.0j
2016-02-05 09:20:00,11592.0+2735.0j
2016-02-05 09:21:00,11603.0+2727.0j
2016-02-05 09:22:00,11416.0+2671.0j
2016-02-05 09:23:00,11416.0+2659.0j
2016-02-05 09:24:00,12413.0+2880.0j
2016-02-05 09:25:00,12620.0+2915.0j
2016-02-05 09:26:00,14404.0+3313.0j
2016-02-05 09:27:00,14810.0+3391.0j
2016-02-05 09:28:00,14589.0+3326.0j
2016-02-05 09:29:00,14600.0+3314.0j
2016-02-05 09:30:00,15789.0+3568.0j
2016-02-05 09:31:00,14020.0+3141.0j
2016-02-05 09:32:00,14817.0+3304.0j
2016-02-05 09:33:00,12862.0+2855.0j
2016-02-05 09:34:00,11103.0+2454.0j
2016-02-05 09:35:00,10131.0+2229.0j
2016-02-05 09:36:00,7389.0+1618.0j
2016-02-05 09:37:00,6810.0+1484.0j
2016-02-05 09:38:00,6428.0+1394.0j
2016-02-05 09:39:00,5837.0+1255.0j
2016-02-05 09:40:00,5455.0+1166.0j
2016-02-05 09:41:00,8218.0+1751.0j
2016-02-05 09:42:00,10391.0+2203.0j
2016-02-05 09:43:00,11581.0+2445.0j
2016-02-05 09:44:00,14541.0+3054.0j
2016-02-05 09:45:00,17305.0+3617.0j
2016-02-05 09:46:00,17512.0+3624.0j
2016-02-05 09:47:00,17523.0+3609.0j
2016-02-05 09:48:00,16157.0+3312.0j
2016-02-05 09:49:00,15578.0+3178.0j
2016-02-05 09:50:00,12609.0+2560.0j
2016-02-05 09:51:00,12425.0+2498.0j
2016-02-05 09:52:00,13022.0+2604.0j
2016-02-05 09:53:00,16379.0+3259.0j
2016-02-05 09:54:00,16782.0+3322.0j
2016-02-05 09:55:00,16400.0+3231.0j
2016-02-05 09:56:00,15823.0+3100.0j
2016-02-05 09:57:00,14460.0+2805.0j
2016-02-05 09:58:00,13882.0+2679.0j
2016-02-05 09:59:00,13316.0+2556.0j
2016-02-05 10:00:00,13522.0+2583.0j
2016-02-05 10:01:00,11965.0+2273.0j
2016-02-05 10:02:00,12180.0+2302.0j
2016-02-05 10:03:00,10622.0+1996.0j
2016-02-05 10:04:00,11222.0+2088.0j
2016-02-05 10:05:00,11047.0+2045.0j
2016-02-05 10:06:00,10665.0+1963.0j
2016-02-05 10:07:00,11069.0+2026.0j
2016-02-05 10:08:00,10697.0+1947.0j
2016-02-05 10:09:00,9727.0+1761.0j
2016-02-05 10:10:00,9529.0+1716.0j
2016-02-05 10:11:00,8366.0+1497.0j
2016-02-05 10:12:00,7410.0+1318.0j
2016-02-05 10:13:00,5071.0+897.0j
2016-02-05 10:14:00,4886.0+860.0j
2016-02-05 10:15:00,212.0+37.0j
2016-02-05 10:16:00,809.0+141.0j
2016-02-05 10:17:00,634.0+110.0j
2016-02-05 10:18:00,-920.0-158.0j
2016-02-05 10:19:00,-910.0-156.0j
2016-02-05 10:20:00,-694.0-118.0j
2016-02-05 10:21:00,-683.0-115.0j
2016-02-05 10:22:00,-280.0-47.0j
2016-02-05 10:23:00,-454.0-76.0j
2016-02-05 10:24:00,-1227.0-205.0j
2016-02-05 10:25:00,-433.0-71.0j
2016-02-05 10:26:00,-1194.0-199.0j
2016-02-05 10:27:00,-207.0-33.0j
2016-02-05 10:28:00,-976.0-159.0j
2016-02-05 10:29:00,-965.0-157.0j
2016-02-05 10:30:00,-1345.0-220.0j
2016-02-05 10:31:00,-2115.0-343.0j
2016-02-05 10:32:00,-3277.0-531.0j
2016-02-05 10:33:00,-3266.0-525.0j
2016-02-05 10:34:00,-3644.0-587.0j
2016-02-05 10:35:00,-4416.0-707.0j
2016-02-05 10:36:00,-4416.0-707.0j
2016-02-05 10:37:00,-4600.0-736.0j
2016-02-05 10:38:00,-4590.0-730.0j
2016-02-05 10:39:00,-4580.0-729.0j
2016-02-05 10:40:00,-4774.0-759.0j
2016-02-05 10:41:00,-5934.0-938.0j
2016-02-05 10:42:00,-4958.0-784.0j
2016-02-05 10:43:00,-5154.0-814.0j
2016-02-05 10:44:00,-5144.0-812.0j
2016-02-05 10:45:00,-5144.0-812.0j
2016-02-05 10:46:00,-5338.0-843.0j
2016-02-05 10:47:00,-5534.0-875.0j
2016-02-05 10:48:00,-5534.0-875.0j
2016-02-05 10:49:00,-6314.0-998.0j
2016-02-05 10:50:00,-6119.0-967.0j
2016-02-05 10:51:00,-5925.0-942.0j
2016-02-05 10:52:00,-5934.0-943.0j
2016-02-05 10:53:00,-6130.0-974.0j
2016-02-05 10:54:00,-6140.0-983.0j
2016-02-05 10:55:00,-6140.0-983.0j
2016-02-05 10:56:00,-4199.0-676.0j
2016-02-05 10:57:00,-3624.0-584.0j
2016-02-05 10:58:00,-3830.0-620.0j
2016-02-05 10:59:00,-4816.0-780.0j
2016-02-05 11:00:00,-4827.0-786.0j
2016-02-05 11:01:00,-5618.0-922.0j
2016-02-05 11:02:00,-5640.0-930.0j
2016-02-05 11:03:00,-5455.0-900.0j
2016-02-05 11:04:00,-6648.0-1104.0j
2016-02-05 11:05:00,-7634.0-1275.0j
2016-02-05 11:06:00,-6289.0-1056.0j
2016-02-05 11:07:00,-3967.0-671.0j
2016-02-05 11:08:00,-4184.0-716.0j
2016-02-05 11:09:00,-3816.0-655.0j
2016-02-05 11:10:00,-322.0-55.0j
2016-02-05 11:11:00,-343.0-60.0j
2016-02-05 11:12:00,-7019.0-1228.0j
2016-02-05 11:13:00,-7040.0-1246.0j
2016-02-05 11:14:00,-6289.0-1119.0j
2016-02-05 11:15:00,-6310.0-1129.0j
2016-02-05 11:16:00,-6342.0-1148.0j
2016-02-05 11:17:00,2051.0+373.0j
2016-02-05 11:18:00,1825.0+335.0j
2016-02-05 11:19:00,1596.0+296.0j
2016-02-05 11:20:00,4511.0+839.0j
2016-02-05 11:21:00,7609.0+1431.0j
2016-02-05 11:22:00,6795.0+1284.0j
2016-02-05 11:23:00,7937.0+1515.0j
2016-02-05 11:24:00,7904.0+1517.0j
2016-02-05 11:25:00,8851.0+1716.0j
2016-02-05 11:26:00,4710.0+918.0j
2016-02-05 11:27:00,766.0+152.0j
2016-02-05 11:28:00,-2991.0-595.0j
2016-02-05 11:29:00,-4397.0-879.0j
2016-02-05 11:30:00,-1094.0-221.0j
2016-02-05 11:31:00,-734.0-149.0j
2016-02-05 11:32:00,411.0+84.0j
2016-02-05 11:33:00,-2760.0-569.0j
2016-02-05 11:34:00,-3773.0-785.0j
2016-02-05 11:35:00,-6157.0-1287.0j
2016-02-05 11:36:00,-7366.0-1548.0j
2016-02-05 11:37:00,-11332.0-2402.0j
2016-02-05 11:38:00,-11364.0-2420.0j
2016-02-05 11:39:00,-9043.0-1944.0j
2016-02-05 11:40:00,-10643.0-2299.0j
2016-02-05 11:41:00,-4595.0-998.0j
2016-02-05 11:42:00,-3655.0-800.0j
2016-02-05 11:43:00,-4473.0-984.0j
2016-02-05 11:44:00,-4505.0-996.0j
2016-02-05 11:45:00,-4537.0-1007.0j
2016-02-05 11:46:00,-8501.0-1904.0j
2016-02-05 11:47:00,-14431.0-3246.0j
2016-02-05 11:48:00,-14267.0-3224.0j
2016-02-05 11:49:00,-14888.0-3380.0j
2016-02-05 11:50:00,-15314.0-3491.0j
2016-02-05 11:51:00,-16919.0-3874.0j
2016-02-05 11:52:00,-24226.0-5572.0j
2016-02-05 11:53:00,-23657.0-5465.0j
2016-02-05 11:54:00,-24868.0-5745.0j
2016-02-05 11:55:00,-16642.0-3861.0j
2016-02-05 11:56:00,-10766.0-2508.0j
2016-02-05 11:57:00,-10208.0-2389.0j
2016-02-05 11:58:00,-7084.0-1659.0j
2016-02-05 11:59:00,-8886.0-2088.0j
2016-02-05 12:00:00,-7138.0-1676.0j
2016-02-05 12:01:00,-6372.0-1497.0j
2016-02-05 12:02:00,-7573.0-1786.0j
2016-02-05 12:03:00,-5835.0-1376.0j
2016-02-05 12:04:00,-2515.0-593.0j
2016-02-05 12:05:00,609.0+144.0j
2016-02-05 12:06:00,-2951.0-696.0j
2016-02-05 12:07:00,-6108.0-1441.0j
2016-02-05 12:08:00,-6130.0-1447.0j
2016-02-05 12:09:00,-8313.0-1961.0j
2016-02-05 12:10:00,-11283.0-2664.0j
2016-02-05 12:11:00,-6379.0-1506.0j
2016-02-05 12:12:00,-6399.0-1504.0j
2016-02-05 12:13:00,-6410.0-1507.0j
2016-02-05 12:14:00,-6432.0-1512.0j
2016-02-05 12:15:00,-6442.0-1507.0j
2016-02-05 12:16:00,-4869.0-1139.0j
2016-02-05 12:17:00,-4890.0-1144.0j
2016-02-05 12:18:00,-7254.0-1691.0j
2016-02-05 12:19:00,-7069.0-1648.0j
2016-02-05 12:20:00,-7079.0-1642.0j
2016-02-05 12:21:00,-3755.0-867.0j
2016-02-05 12:22:00,-4748.0-1096.0j
2016-02-05 12:23:00,-7308.0-1681.0j
2016-02-05 12:24:00,-9867.0-2270.0j
2016-02-05 12:25:00,-10076.0-2306.0j
2016-02-05 12:26:00,-15185.0-3463.0j
2016-02-05 12:27:00,-18923.0-4296.0j
2016-02-05 12:28:00,-16384.0-3720.0j
2016-02-05 12:29:00,-16590.0-3750.0j
2016-02-05 12:30:00,-16002.0-3601.0j
2016-02-05 12:31:00,-17779.0-4000.0j
2016-02-05 12:32:00,-13833.0-3098.0j
2016-02-05 12:33:00,-3657.0-816.0j
2016-02-05 12:34:00,-3473.0-771.0j
2016-02-05 12:35:00,637.0+142.0j
2016-02-05 12:36:00,1605.0+354.0j
2016-02-05 12:37:00,40.0+8.0j
2016-02-05 12:38:00,2964.0+650.0j
2016-02-05 12:39:00,7465.0+1635.0j
2016-02-05 12:40:00,7062.0+1539.0j
2016-02-05 12:41:00,9607.0+2085.0j
2016-02-05 12:42:00,12922.0+2804.0j
2016-02-05 12:43:00,13118.0+2833.0j
2016-02-05 12:44:00,11357.0+2442.0j
2016-02-05 12:45:00,12911.0+2776.0j
2016-02-05 12:46:00,13108.0+2805.0j
2016-02-05 12:47:00,11933.0+2554.0j
2016-02-05 12:48:00,12129.0+2583.0j
2016-02-05 12:49:00,12705.0+2706.0j
2016-02-05 12:50:00,10945.0+2321.0j
2016-02-05 12:51:00,11336.0+2404.0j
2016-02-05 12:52:00,7617.0+1607.0j
2016-02-05 12:53:00,1345.0+284.0j
2016-02-05 12:54:00,-5504.0-1162.0j
2016-02-05 12:55:00,-7851.0-1656.0j
2016-02-05 12:56:00,-12158.0-2554.0j
2016-02-05 12:57:00,-13330.0-2799.0j
2016-02-05 12:58:00,-10797.0-2268.0j
2016-02-05 12:59:00,-9819.0-2061.0j
2016-02-05 13:00:00,-7471.0-1570.0j
2016-02-05 13:01:00,-4144.0-870.0j
2016-02-05 13:02:00,-232.0-48.0j
2016-02-05 13:03:00,2694.0+565.0j
2016-02-05 13:04:00,4650.0+981.0j
2016-02-05 13:05:00,6803.0+1436.0j
2016-02-05 13:06:00,5041.0+1063.0j
2016-02-05 13:07:00,3476.0+733.0j
2016-02-05 13:08:00,8966.0+1901.0j
2016-02-05 13:09:00,11125.0+2358.0j
2016-02-05 13:10:00,8378.0+1784.0j
2016-02-05 13:11:00,8770.0+1868.0j
2016-02-05 13:12:00,5436.0+1164.0j
2016-02-05 13:13:00,5631.0+1210.0j
2016-02-05 13:14:00,5816.0+1251.0j
2016-02-05 13:15:00,6601.0+1426.0j
2016-02-05 13:16:00,6407.0+1391.0j
2016-02-05 13:17:00,6421.0+1393.0j
2016-02-05 13:18:00,5820.0+1269.0j
2016-02-05 13:19:00,6016.0+1318.0j
2016-02-05 13:20:00,6409.0+1411.0j
2016-02-05 13:21:00,6213.0+1373.0j
2016-02-05 13:22:00,6006.0+1333.0j
2016-02-05 13:23:00,5023.0+1115.0j
2016-02-05 13:24:00,3853.0+860.0j
2016-02-05 13:25:00,4247.0+951.0j
2016-02-05 13:26:00,3054.0+688.0j
2016-02-05 13:27:00,3054.0+690.0j
2016-02-05 13:28:00,4630.0+1051.0j
2016-02-05 13:29:00,5024.0+1144.0j
2016-02-05 13:30:00,5408.0+1238.0j
2016-02-05 13:31:00,6210.0+1428.0j
2016-02-05 13:32:00,6803.0+1578.0j
2016-02-05 13:33:00,7396.0+1724.0j
2016-02-05 13:34:00,6989.0+1635.0j
2016-02-05 13:35:00,8175.0+1921.0j
2016-02-05 13:36:00,8175.0+1928.0j
2016-02-05 13:37:00,6401.0+1517.0j
2016-02-05 13:38:00,6005.0+1429.0j
2016-02-05 13:39:00,5610.0+1341.0j
2016-02-05 13:40:00,5797.0+1392.0j
2016-02-05 13:41:00,5993.0+1444.0j
2016-02-05 13:42:00,4993.0+1213.0j
2016-02-05 13:43:00,2425.0+592.0j
2016-02-05 13:44:00,2425.0+595.0j
2016-02-05 13:45:00,-563.0-138.0j
2016-02-05 13:46:00,-4729.0-1169.0j
2016-02-05 13:47:00,-4541.0-1127.0j
2016-02-05 13:48:00,-5137.0-1280.0j
2016-02-05 13:49:00,-5945.0-1487.0j
2016-02-05 13:50:00,-5757.0-1445.0j
2016-02-05 13:51:00,-5955.0-1501.0j
2016-02-05 13:52:00,-5966.0-1509.0j
2016-02-05 13:53:00,-7359.0-1869.0j
2016-02-05 13:54:00,-5580.0-1423.0j
2016-02-05 13:55:00,-6573.0-1683.0j
2016-02-05 13:56:00,-8195.0-2106.0j
2016-02-05 13:57:00,-10587.0-2732.0j
2016-02-05 13:58:00,-11195.0-2888.0j
2016-02-05 13:59:00,-13987.0-3622.0j
2016-02-05 14:00:00,-14396.0-3743.0j
2016-02-05 14:01:00,-15005.0-3917.0j
2016-02-05 14:02:00,-17796.0-4645.0j
2016-02-05 14:03:00,-19205.0-5030.0j
2016-02-05 14:04:00,-16611.0-4369.0j
2016-02-05 14:05:00,-21058.0-5538.0j
2016-02-05 14:06:00,-26264.0-6934.0j
2016-02-05 14:07:00,-27863.0-7384.0j
2016-02-05 14:08:00,-28074.0-7440.0j
2016-02-05 14:09:00,-19881.0-5289.0j
2016-02-05 14:10:00,-22889.0-6089.0j
2016-02-05 14:11:00,-14107.0-3766.0j
2016-02-05 14:12:00,-6113.0-1632.0j
2016-02-05 14:13:00,-10121.0-2702.0j
2016-02-05 14:14:00,-1938.0-519.0j
2016-02-05 14:15:00,-5336.0-1430.0j
2016-02-05 14:16:00,-4148.0-1111.0j
2016-02-05 14:17:00,-2349.0-632.0j
2016-02-05 14:18:00,-1364.0-367.0j
2016-02-05 14:19:00,-1364.0-367.0j
2016-02-05 14:20:00,-6783.0-1825.0j
2016-02-05 14:21:00,-7984.0-2156.0j
2016-02-05 14:22:00,-4189.0-1131.0j
2016-02-05 14:23:00,-3188.0-862.0j
2016-02-05 14:24:00,-5202.0-1405.0j
2016-02-05 14:25:00,-2398.0-647.0j
2016-02-05 14:26:00,1197.0+323.0j
2016-02-05 14:27:00,2599.0+701.0j
2016-02-05 14:28:00,1386.0+374.0j
2016-02-05 14:29:00,4591.0+1240.0j
2016-02-05 14:30:00,5993.0+1618.0j
2016-02-05 14:31:00,13393.0+3617.0j
2016-02-05 14:32:00,8987.0+2426.0j
2016-02-05 14:33:00,10989.0+2967.0j
2016-02-05 14:34:00,13393.0+3617.0j
2016-02-05 14:35:00,13793.0+3710.0j
2016-02-05 14:36:00,14795.0+3980.0j
2016-02-05 14:37:00,15196.0+4087.0j
2016-02-05 14:38:00,14584.0+3923.0j
2016-02-05 14:39:00,15397.0+4141.0j
2016-02-05 14:40:00,15596.0+4180.0j
2016-02-05 14:41:00,15997.0+4287.0j
2016-02-05 14:42:00,15397.0+4126.0j
2016-02-05 14:43:00,15596.0+4163.0j
2016-02-05 14:44:00,11190.0+2988.0j
2016-02-05 14:45:00,10399.0+2777.0j
2016-02-05 14:46:00,10600.0+2820.0j
2016-02-05 14:47:00,10600.0+2820.0j
2016-02-05 14:48:00,10010.0+2652.0j
2016-02-05 14:49:00,11011.0+2919.0j
2016-02-05 14:50:00,9020.0+2390.0j
2016-02-05 14:51:00,9620.0+2540.0j
2016-02-05 14:52:00,11807.0+3117.0j
2016-02-05 14:53:00,9020.0+2371.0j
2016-02-05 14:54:00,9230.0+2427.0j
2016-02-05 14:55:00,15037.0+3940.0j
2016-02-05 14:56:00,11850.0+3092.0j
2016-02-05 14:57:00,10662.0+2782.0j
2016-02-05 14:58:00,11671.0+3035.0j
2016-02-05 14:59:00,10684.0+2778.0j
2016-02-05 15:00:00,10094.0+2615.0j
2016-02-05 15:01:00,6510.0+1680.0j
2016-02-05 15:02:00,5132.0+1324.0j
2016-02-05 15:03:00,10938.0+2811.0j
2016-02-05 15:04:00,10959.0+2805.0j
2016-02-05 15:05:00,10171.0+2604.0j
2016-02-05 15:06:00,16587.0+4229.0j
2016-02-05 15:07:00,16770.0+4259.0j
2016-02-05 15:08:00,17380.0+4397.0j
2016-02-05 15:09:00,17600.0+4452.0j
2016-02-05 15:10:00,17423.0+4391.0j
2016-02-05 15:11:00,17643.0+4429.0j
2016-02-05 15:12:00,17466.0+4366.0j
2016-02-05 15:13:00,17288.0+4321.0j
2016-02-05 15:14:00,14728.0+3667.0j
2016-02-05 15:15:00,15548.0+3856.0j
2016-02-05 15:16:00,15968.0+3944.0j
2016-02-05 15:17:00,15003.0+3690.0j
2016-02-05 15:18:00,12035.0+2948.0j
2016-02-05 15:19:00,1895.0+464.0j
2016-02-05 15:20:00,3707.0+905.0j
2016-02-05 15:21:00,-41.0-10.0j
2016-02-05 15:22:00,-805.0-195.0j
2016-02-05 15:23:00,820.0+198.0j
2016-02-05 15:24:00,4631.0+1111.0j
2016-02-05 15:25:00,3659.0+875.0j
2016-02-05 15:26:00,3891.0+925.0j
2016-02-05 15:27:00,4530.0+1074.0j
2016-02-05 15:28:00,2573.0+607.0j
2016-02-05 15:29:00,4794.0+1127.0j
2016-02-05 15:30:00,3036.0+710.0j
2016-02-05 15:31:00,4063.0+947.0j
2016-02-05 15:32:00,3302.0+766.0j
2016-02-05 15:33:00,4724.0+1091.0j
2016-02-05 15:34:00,4370.0+1010.0j
2016-02-05 15:35:00,4998.0+1150.0j
2016-02-05 15:36:00,5240.0+1199.0j
2016-02-05 15:37:00,5283.0+1205.0j
2016-02-05 15:38:00,9086.0+2061.0j
2016-02-05 15:39:00,10319.0+2333.0j
2016-02-05 15:40:00,9370.0+2108.0j
2016-02-05 15:41:00,8421.0+1886.0j
2016-02-05 15:42:00,8662.0+1923.0j
2016-02-05 15:43:00,8705.0+1924.0j
2016-02-05 15:44:00,8947.0+1969.0j
2016-02-05 15:45:00,8990.0+1969.0j
2016-02-05 15:46:00,13400.0+2921.0j
2016-02-05 15:47:00,13652.0+2962.0j
2016-02-05 15:48:00,13100.0+2831.0j
2016-02-05 15:49:00,13143.0+2825.0j
2016-02-05 15:50:00,10616.0+2271.0j
2016-02-05 15:51:00,10064.0+2144.0j
2016-02-05 15:52:00,8728.0+1851.0j
2016-02-05 15:53:00,9963.0+2102.0j
2016-02-05 15:54:00,8032.0+1686.0j
2016-02-05 15:55:00,11459.0+2395.0j
2016-02-05 15:56:00,8140.0+1694.0j
2016-02-05 15:57:00,6794.0+1406.0j
2016-02-05 15:58:00,6450.0+1329.0j
2016-02-05 15:59:00,4519.0+928.0j
2016-02-05 16:00:00,4375.0+893.0j
2016-02-05 16:01:00,6414.0+1303.0j
2016-02-05 16:02:00,3690.0+745.0j
2016-02-05 16:03:00,1362.0+275.0j
2016-02-05 16:04:00,-172.0-35.0j
2016-02-05 16:05:00,-1308.0-261.0j
2016-02-05 16:06:00,-649.0-129.0j
2016-02-05 16:07:00,-994.0-196.0j
2016-02-05 16:08:00,652.0+129.0j
2016-02-05 16:09:00,4297.0+838.0j
2016-02-05 16:10:00,6140.0+1192.0j
2016-02-05 16:11:00,7001.0+1351.0j
2016-02-05 16:12:00,5464.0+1049.0j
2016-02-05 16:13:00,7717.0+1474.0j
2016-02-05 16:14:00,8169.0+1552.0j
2016-02-05 16:15:00,10421.0+1969.0j
2016-02-05 16:16:00,8506.0+1598.0j
2016-02-05 16:17:00,5979.0+1118.0j
2016-02-05 16:18:00,1858.0+345.0j
2016-02-05 16:19:00,2510.0+464.0j
2016-02-05 16:20:00,2774.0+510.0j
2016-02-05 16:21:00,3037.0+559.0j
2016-02-05 16:22:00,5296.0+970.0j
2016-02-05 16:23:00,7742.0+1409.0j
2016-02-05 16:24:00,8625.0+1561.0j
2016-02-05 16:25:00,9090.0+1637.0j
2016-02-05 16:26:00,9155.0+1639.0j
2016-02-05 16:27:00,7421.0+1321.0j
2016-02-05 16:28:00,8086.0+1431.0j
2016-02-05 16:29:00,6952.0+1231.0j
2016-02-05 16:30:00,7634.0+1343.0j
2016-02-05 16:31:00,8901.0+1558.0j
2016-02-05 16:32:00,8166.0+1420.0j
2016-02-05 16:33:00,7830.0+1354.0j
2016-02-05 16:34:00,7495.0+1296.0j
2016-02-05 16:35:00,7359.0+1265.0j
2016-02-05 16:36:00,8446.0+1444.0j
2016-02-05 16:37:00,8310.0+1414.0j
2016-02-05 16:38:00,8577.0+1458.0j
2016-02-05 16:39:00,9044.0+1528.0j
2016-02-05 16:40:00,9309.0+1564.0j
2016-02-05 16:41:00,9776.0+1642.0j
2016-02-05 16:42:00,10468.0+1749.0j
2016-02-05 16:43:00,11540.0+1915.0j
2016-02-05 16:44:00,10599.0+1759.0j
2016-02-05 16:45:00,11078.0+1827.0j
2016-02-05 16:46:00,11747.0+1926.0j
2016-02-05 16:47:00,13422.0+2202.0j
2016-02-05 16:48:00,13890.0+2265.0j
2016-02-05 16:49:00,11971.0+1951.0j
2016-02-05 16:50:00,12642.0+2048.0j
2016-02-05 16:51:00,12103.0+1961.0j
2016-02-05 16:52:00,12370.0+1991.0j
2016-02-05 16:53:00,12033.0+1937.0j
2016-02-05 16:54:00,13107.0+2096.0j
2016-02-05 16:55:00,13373.0+2140.0j
2016-02-05 16:56:00,15896.0+2527.0j
2016-02-05 16:57:00,16163.0+2570.0j
2016-02-05 16:58:00,16432.0+2613.0j
2016-02-05 16:59:00,18923.0+2990.0j
2016-02-05 17:00:00,21618.0+3415.0j
2016-02-05 17:01:00,25322.0+4000.0j
2016-02-05 17:02:00,27206.0+4272.0j
2016-02-05 17:03:00,30103.0+4726.0j
2016-02-05 17:04:00,31987.0+5023.0j
2016-02-05 17:05:00,32042.0+5030.0j
2016-02-05 17:06:00,32183.0+5020.0j
2016-02-05 17:07:00,32248.0+5030.0j
2016-02-05 17:08:00,32314.0+5041.0j
2016-02-05 17:09:00,32369.0+5050.0j
2016-02-05 17:10:00,32435.0+5060.0j
2016-02-05 17:11:00,32501.0+5070.0j
2016-02-05 17:12:00,32556.0+5046.0j
2016-02-05 17:13:00,32620.0+5056.0j
2016-02-05 17:14:00,32676.0+5065.0j
2016-02-05 17:15:00,32742.0+5075.0j
2016-02-05 17:16:00,32797.0+5083.0j
2016-02-05 17:17:00,32863.0+5093.0j
2016-02-05 17:18:00,32918.0+5102.0j
2016-02-05 17:19:00,32973.0+5111.0j
2016-02-05 17:20:00,33028.0+5119.0j
2016-02-05 17:21:00,33083.0+5128.0j
2016-02-05 17:22:00,33149.0+5139.0j
2016-02-05 17:23:00,33205.0+5147.0j
2016-02-05 17:24:00,33248.0+5153.0j
2016-02-05 17:25:00,33379.0+5174.0j
2016-02-05 17:26:00,33434.0+5182.0j
2016-02-05 17:27:00,33490.0+5192.0j
2016-02-05 17:28:00,33545.0+5200.0j
2016-02-05 17:29:00,33589.0+5207.0j
2016-02-05 17:30:00,33644.0+5248.0j
2016-02-05 17:31:00,33688.0+5256.0j
2016-02-05 17:32:00,33743.0+5264.0j
2016-02-05 17:33:00,33788.0+5270.0j
2016-02-05 17:34:00,33831.0+5278.0j
2016-02-05 17:35:00,33875.0+5284.0j
2016-02-05 17:36:00,33920.0+5292.0j
2016-02-05 17:37:00,33964.0+5298.0j
2016-02-05 17:38:00,34008.0+5305.0j
2016-02-05 17:39:00,34052.0+5346.0j
2016-02-05 17:40:00,34085.0+5351.0j
2016-02-05 17:41:00,34129.0+5358.0j
2016-02-05 17:42:00,34163.0+5363.0j
2016-02-05 17:43:00,34128.0+5358.0j
2016-02-05 17:44:00,34162.0+5363.0j
2016-02-05 17:45:00,34195.0+5368.0j
2016-02-05 17:46:00,34228.0+5373.0j
2016-02-05 17:47:00,34260.0+5414.0j
2016-02-05 17:48:00,34293.0+5419.0j
2016-02-05 17:49:00,34314.0+5422.0j
2016-02-05 17:50:00,34348.0+5427.0j
2016-02-05 17:51:00,34369.0+5430.0j
2016-02-05 17:52:00,34403.0+5436.0j
2016-02-05 17:53:00,34425.0+5439.0j
2016-02-05 17:54:00,34447.0+5443.0j
2016-02-05 17:55:00,34470.0+5481.0j
2016-02-05 17:56:00,34491.0+5484.0j
2016-02-05 17:57:00,34513.0+5488.0j
2016-02-05 17:58:00,34524.0+5490.0j
2016-02-05 17:59:00,34546.0+5492.0j
2016-02-05 18:00:00,34556.0+5495.0j
2016-02-05 18:01:00,34568.0+5496.0j
2016-02-05 18:02:00,34579.0+5499.0j
2016-02-05 18:03:00,34590.0+5500.0j
2016-02-05 18:04:00,34601.0+5502.0j
2016-02-05 18:05:00,34611.0+5504.0j
2016-02-05 18:06:00,34611.0+5504.0j
2016-02-05 18:07:00,34611.0+5504.0j
2016-02-05 18:08:00,34623.0+5504.0j
2016-02-05 18:09:00,34623.0+5504.0j
2016-02-05 18:10:00,34623.0+5504.0j
2016-02-05 18:11:00,34623.0+5504.0j
2016-02-05 18:12:00,34623.0+5504.0j
2016-02-05 18:13:00,34611.0+5504.0j
2016-02-05 18:14:00,34533.0+5491.0j
2016-02-05 18:15:00,34533.0+5491.0j
2016-02-05 18:16:00,34522.0+5490.0j
2016-02-05 18:17:00,34511.0+5488.0j
2016-02-05 18:18:00,34511.0+5488.0j
2016-02-05 18:19:00,34500.0+5485.0j
2016-02-05 18:20:00,34490.0+5484.0j
2016-02-05 18:21:00,34478.0+5482.0j
2016-02-05 18:22:00,34467.0+5480.0j
2016-02-05 18:23:00,34456.0+5479.0j
2016-02-05 18:24:00,34435.0+5475.0j
2016-02-05 18:25:00,34423.0+5474.0j
2016-02-05 18:26:00,34412.0+5471.0j
2016-02-05 18:27:00,34390.0+5434.0j
2016-02-05 18:28:00,34380.0+5433.0j
2016-02-05 18:29:00,34357.0+5428.0j
2016-02-05 18:30:00,34336.0+5426.0j
2016-02-05 18:31:00,34325.0+5423.0j
2016-02-05 18:32:00,34303.0+5420.0j
2016-02-05 18:33:00,34281.0+5416.0j
2016-02-05 18:34:00,34259.0+5414.0j
2016-02-05 18:35:00,34248.0+5411.0j
2016-02-05 18:36:00,34225.0+5373.0j
2016-02-05 18:37:00,34203.0+5371.0j
2016-02-05 18:38:00,34182.0+5367.0j
2016-02-05 18:39:00,34160.0+5363.0j
2016-02-05 18:40:00,34138.0+5360.0j
2016-02-05 18:41:00,34105.0+5355.0j
2016-02-05 18:42:00,34084.0+5317.0j
2016-02-05 18:43:00,34062.0+5313.0j
2016-02-05 18:44:00,34040.0+5311.0j
2016-02-05 18:45:00,34018.0+5307.0j
2016-02-05 18:46:00,33997.0+5303.0j
2016-02-05 18:47:00,33964.0+5298.0j
2016-02-05 18:48:00,33941.0+5261.0j
2016-02-05 18:49:00,33919.0+5257.0j
2016-02-05 18:50:00,33897.0+5255.0j
2016-02-05 18:51:00,33875.0+5250.0j
2016-02-05 18:52:00,33843.0+5245.0j
2016-02-05 18:53:00,33820.0+5208.0j
2016-02-05 18:54:00,33798.0+5205.0j
2016-02-05 18:55:00,33777.0+5202.0j
2016-02-05 18:56:00,33755.0+5199.0j
2016-02-05 18:57:00,33722.0+5193.0j
2016-02-05 18:58:00,33700.0+5156.0j
2016-02-05 18:59:00,33678.0+5152.0j
2016-02-05 19:00:00,33656.0+5149.0j
2016-02-05 19:01:00,33633.0+5146.0j
2016-02-05 19:02:00,33611.0+5142.0j
2016-02-05 19:03:00,33590.0+5106.0j
2016-02-05 19:04:00,33568.0+5102.0j
2016-02-05 19:05:00,33546.0+5099.0j
2016-02-05 19:06:00,33523.0+5096.0j
2016-02-05 19:07:00,33502.0+5092.0j
2016-02-05 19:08:00,33480.0+5056.0j
2016-02-05 19:09:00,33458.0+5052.0j
2016-02-05 19:10:00,33437.0+5049.0j
2016-02-05 19:11:00,33491.0+5058.0j
2016-02-05 19:12:00,33468.0+5053.0j
2016-02-05 19:13:00,33458.0+5019.0j
2016-02-05 19:14:00,33436.0+5015.0j
2016-02-05 19:15:00,33414.0+5013.0j
2016-02-05 19:16:00,33391.0+5008.0j
2016-02-05 19:17:00,33369.0+5006.0j
2016-02-05 19:18:00,33358.0+5003.0j
2016-02-05 19:19:00,33336.0+5001.0j
2016-02-05 19:20:00,33314.0+4964.0j
2016-02-05 19:21:00,33293.0+4960.0j
2016-02-05 19:22:00,33271.0+4958.0j
2016-02-05 19:23:00,33259.0+4955.0j
2016-02-05 19:24:00,33238.0+4952.0j
2016-02-05 19:25:00,33216.0+4949.0j
2016-02-05 19:26:00,33268.0+4958.0j
2016-02-05 19:27:00,33247.0+4954.0j
2016-02-05 19:28:00,33236.0+4952.0j
2016-02-05 19:29:00,33213.0+4949.0j
2016-02-05 19:30:00,33192.0+4946.0j
2016-02-05 19:31:00,33170.0+4941.0j
2016-02-05 19:32:00,33148.0+4972.0j
2016-02-05 19:33:00,33126.0+4969.0j
2016-02-05 19:34:00,33115.0+4968.0j
2016-02-05 19:35:00,33093.0+4964.0j
2016-02-05 19:36:00,33071.0+4960.0j
2016-02-05 19:37:00,33048.0+4990.0j
2016-02-05 19:38:00,33026.0+4987.0j
2016-02-05 19:39:00,33080.0+4995.0j
2016-02-05 19:40:00,33058.0+5025.0j
2016-02-05 19:41:00,33035.0+5022.0j
2016-02-05 19:42:00,33013.0+5017.0j
2016-02-05 19:43:00,32991.0+5048.0j
2016-02-05 19:44:00,32969.0+5044.0j
2016-02-05 19:45:00,32947.0+5074.0j
2016-02-05 19:46:00,32925.0+5071.0j
2016-02-05 19:47:00,32903.0+5100.0j
2016-02-05 19:48:00,32881.0+5129.0j
2016-02-05 19:49:00,32847.0+5124.0j
2016-02-05 19:50:00,32825.0+5153.0j
2016-02-05 19:51:00,32804.0+5182.0j
2016-02-05 19:52:00,32855.0+5192.0j
2016-02-05 19:53:00,32823.0+5219.0j
2016-02-05 19:54:00,32800.0+5248.0j
2016-02-05 19:55:00,32778.0+5278.0j
2016-02-05 19:56:00,32745.0+5305.0j
2016-02-05 19:57:00,32723.0+5333.0j
2016-02-05 19:58:00,32689.0+5360.0j
2016-02-05 19:59:00,32668.0+5390.0j
2016-02-05 20:00:00,32634.0+5416.0j
2016-02-05 20:01:00,32601.0+5444.0j
2016-02-05 20:02:00,32579.0+5473.0j
2016-02-05 20:03:00,32545.0+5533.0j
2016-02-05 20:04:00,32513.0+5559.0j
2016-02-05 20:05:00,32480.0+5587.0j
2016-02-05 20:06:00,32457.0+5648.0j
2016-02-05 20:07:00,32425.0+5675.0j
2016-02-05 20:08:00,32391.0+5701.0j
2016-02-05 20:09:00,32358.0+5759.0j
2016-02-05 20:10:00,32324.0+5787.0j
2016-02-05 20:11:00,32291.0+5844.0j
2016-02-05 20:12:00,32330.0+5884.0j
2016-02-05 20:13:00,32297.0+5943.0j
2016-02-05 20:14:00,32253.0+5966.0j
2016-02-05 20:15:00,32219.0+6026.0j
2016-02-05 20:16:00,32186.0+6083.0j
2016-02-05 20:17:00,32152.0+6110.0j
2016-02-05 20:18:00,32120.0+6167.0j
2016-02-05 20:19:00,32075.0+6222.0j
2016-02-05 20:20:00,32041.0+6248.0j
2016-02-05 20:21:00,32008.0+6306.0j
2016-02-05 20:22:00,31965.0+6361.0j
2016-02-05 20:23:00,31930.0+6386.0j
2016-02-05 20:24:00,31887.0+6442.0j
2016-02-05 20:25:00,31854.0+6498.0j
2016-02-05 20:26:00,31808.0+6521.0j
2016-02-05 20:27:00,31776.0+6578.0j
2016-02-05 20:28:00,31731.0+6600.0j
2016-02-05 20:29:00,31698.0+6656.0j
2016-02-05 20:30:00,31653.0+6711.0j
2016-02-05 20:31:00,31620.0+6735.0j
2016-02-05 20:32:00,31576.0+6789.0j
2016-02-05 20:33:00,31543.0+6812.0j
2016-02-05 20:34:00,31498.0+6866.0j
2016-02-05 20:35:00,31454.0+6888.0j
2016-02-05 20:36:00,31421.0+6944.0j
2016-02-05 20:37:00,31376.0+6966.0j
2016-02-05 20:38:00,31343.0+7021.0j
2016-02-05 20:39:00,31298.0+7042.0j
2016-02-05 20:40:00,31254.0+7064.0j
2016-02-05 20:41:00,31221.0+7118.0j
2016-02-05 20:42:00,31177.0+7139.0j
2016-02-05 20:43:00,31131.0+7160.0j
2016-02-05 20:44:00,31088.0+7181.0j
2016-02-05 20:45:00,31055.0+7236.0j
2016-02-05 20:46:00,31010.0+7255.0j
2016-02-05 20:47:00,30965.0+7276.0j
2016-02-05 20:48:00,30932.0+7300.0j
2016-02-05 20:49:00,30819.0+7304.0j
2016-02-05 20:50:00,30774.0+7324.0j
2016-02-05 20:51:00,30730.0+7315.0j
2016-02-05 20:52:00,30696.0+7337.0j
2016-02-05 20:53:00,30652.0+7356.0j
2016-02-05 20:54:00,30608.0+7377.0j
2016-02-05 20:55:00,30564.0+7366.0j
2016-02-05 20:56:00,30531.0+7387.0j
2016-02-05 20:57:00,30486.0+7377.0j
2016-02-05 20:58:00,30442.0+7366.0j
2016-02-05 20:59:00,30408.0+7389.0j
2016-02-05 21:00:00,30365.0+7378.0j
2016-02-05 21:01:00,30320.0+7367.0j
2016-02-05 21:02:00,30287.0+7359.0j
2016-02-05 21:03:00,30242.0+7349.0j
2016-02-05 21:04:00,30199.0+7339.0j
2016-02-05 21:05:00,30166.0+7330.0j
2016-02-05 21:06:00,30121.0+7319.0j
2016-02-05 21:07:00,30076.0+7279.0j
2016-02-05 21:08:00,30043.0+7271.0j
2016-02-05 21:09:00,29931.0+7243.0j
2016-02-05 21:10:00,29898.0+7206.0j
2016-02-05 21:11:00,29853.0+7195.0j
2016-02-05 21:12:00,29808.0+7155.0j
2016-02-05 21:13:00,29775.0+7117.0j
2016-02-05 21:14:00,29732.0+7106.0j
2016-02-05 21:15:00,29686.0+7065.0j
2016-02-05 21:16:00,29654.0+7029.0j
2016-02-05 21:17:00,29610.0+6988.0j
2016-02-05 21:18:00,29566.0+6949.0j
2016-02-05 21:19:00,29532.0+6910.0j
2016-02-05 21:20:00,29488.0+6871.0j
2016-02-05 21:21:00,29445.0+6831.0j
2016-02-05 21:22:00,29401.0+6792.0j
2016-02-05 21:23:00,29301.0+6739.0j
2016-02-05 21:24:00,29257.0+6700.0j
2016-02-05 21:25:00,29214.0+6661.0j
2016-02-05 21:26:00,29168.0+6621.0j
2016-02-05 21:27:00,29135.0+6556.0j
2016-02-05 21:28:00,29092.0+6517.0j
2016-02-05 21:29:00,29048.0+6477.0j
2016-02-05 21:30:00,29004.0+6409.0j
2016-02-05 21:31:00,28959.0+6371.0j
2016-02-05 21:32:00,28915.0+6333.0j
2016-02-05 21:33:00,28871.0+6265.0j
2016-02-05 21:34:00,28828.0+6227.0j
2016-02-05 21:35:00,28783.0+6188.0j
2016-02-05 21:36:00,28673.0+6108.0j
2016-02-05 21:37:00,28629.0+6069.0j
2016-02-05 21:38:00,28585.0+6003.0j
2016-02-05 21:39:00,28541.0+5966.0j
2016-02-05 21:40:00,28498.0+5899.0j
2016-02-05 21:41:00,28452.0+5861.0j
2016-02-05 21:42:00,28409.0+5794.0j
2016-02-05 21:43:00,28354.0+5757.0j
2016-02-05 21:44:00,28311.0+5719.0j
2016-02-05 21:45:00,28266.0+5654.0j
2016-02-05 21:46:00,28210.0+5614.0j
2016-02-05 21:47:00,28167.0+5549.0j
2016-02-05 21:48:00,28123.0+5512.0j
2016-02-05 21:49:00,28068.0+5445.0j
2016-02-05 21:50:00,28024.0+5409.0j
2016-02-05 21:51:00,27905.0+5358.0j
2016-02-05 21:52:00,27862.0+5293.0j
2016-02-05 21:53:00,27807.0+5256.0j
2016-02-05 21:54:00,27752.0+5189.0j
2016-02-05 21:55:00,27697.0+5151.0j
2016-02-05 21:56:00,27653.0+5116.0j
2016-02-05 21:57:00,27598.0+5078.0j
2016-02-05 21:58:00,27543.0+5013.0j
2016-02-05 21:59:00,27489.0+4975.0j
2016-02-05 22:00:00,27433.0+4938.0j
2016-02-05 22:01:00,27378.0+4901.0j
2016-02-05 22:02:00,27323.0+4864.0j
2016-02-05 22:03:00,27269.0+4827.0j
2016-02-05 22:04:00,27214.0+4789.0j
2016-02-05 22:05:00,27149.0+4751.0j
2016-02-05 22:06:00,27093.0+4714.0j
2016-02-05 22:07:00,27038.0+4677.0j
2016-02-05 22:08:00,26972.0+4639.0j
2016-02-05 22:09:00,26917.0+4603.0j
2016-02-05 22:10:00,26852.0+4565.0j
2016-02-05 22:11:00,26796.0+4528.0j
2016-02-05 22:12:00,26730.0+4517.0j
2016-02-05 22:13:00,26676.0+4482.0j
2016-02-05 22:14:00,26611.0+4443.0j
2016-02-05 22:15:00,26545.0+4432.0j
2016-02-05 22:16:00,26490.0+4397.0j
2016-02-05 22:17:00,26424.0+4360.0j
2016-02-05 22:18:00,26358.0+4349.0j
2016-02-05 22:19:00,26293.0+4312.0j
2016-02-05 22:20:00,26238.0+4303.0j
2016-02-05 22:21:00,26111.0+4283.0j
2016-02-05 22:22:00,26046.0+4245.0j
2016-02-05 22:23:00,25980.0+4235.0j
2016-02-05 22:24:00,25915.0+4224.0j
2016-02-05 22:25:00,25849.0+4188.0j
2016-02-05 22:26:00,25784.0+4176.0j
2016-02-05 22:27:00,25718.0+4166.0j
2016-02-05 22:28:00,25652.0+4155.0j
2016-02-05 22:29:00,25586.0+4145.0j
2016-02-05 22:30:00,25521.0+4108.0j
2016-02-05 22:31:00,25455.0+4098.0j
2016-02-05 22:32:00,25390.0+4087.0j
2016-02-05 22:33:00,25324.0+4077.0j
2016-02-05 22:34:00,25257.0+4065.0j
2016-02-05 22:35:00,25192.0+4081.0j
2016-02-05 22:36:00,25126.0+4071.0j
2016-02-05 22:37:00,25062.0+4060.0j
2016-02-05 22:38:00,24995.0+4050.0j
2016-02-05 22:39:00,24930.0+4038.0j
2016-02-05 22:40:00,24863.0+4052.0j
2016-02-05 22:41:00,24798.0+4042.0j
2016-02-05 22:42:00,24732.0+4032.0j
2016-02-05 22:43:00,24656.0+4043.0j
2016-02-05 22:44:00,24591.0+4032.0j
2016-02-05 22:45:00,24525.0+4046.0j
2016-02-05 22:46:00,24458.0+4036.0j
2016-02-05 22:47:00,24393.0+4050.0j
2016-02-05 22:48:00,24326.0+4038.0j
2016-02-05 22:49:00,24261.0+4052.0j
2016-02-05 22:50:00,24195.0+4065.0j
2016-02-05 22:51:00,24131.0+4078.0j
2016-02-05 22:52:00,24065.0+4067.0j
2016-02-05 22:53:00,23999.0+4079.0j
2016-02-05 22:54:00,23878.0+4084.0j
2016-02-05 22:55:00,23813.0+4096.0j
2016-02-05 22:56:00,23747.0+4108.0j
2016-02-05 22:57:00,23693.0+4122.0j
2016-02-05 22:58:00,23628.0+4135.0j
2016-02-05 22:59:00,23562.0+4147.0j
2016-02-05 23:00:00,23497.0+4159.0j
2016-02-05 23:01:00,23430.0+4171.0j
2016-02-05 23:02:00,23365.0+4182.0j
2016-02-05 23:03:00,23310.0+4219.0j
2016-02-05 23:04:00,23245.0+4231.0j
2016-02-05 23:05:00,23180.0+4242.0j
2016-02-05 23:06:00,23071.0+4244.0j
2016-02-05 23:07:00,23006.0+4280.0j
2016-02-05 23:08:00,22952.0+4292.0j
2016-02-05 23:09:00,22886.0+4326.0j
2016-02-05 23:10:00,22831.0+4338.0j
2016-02-05 23:11:00,22766.0+4371.0j
2016-02-05 23:12:00,22712.0+4383.0j
2016-02-05 23:13:00,22647.0+4416.0j
2016-02-05 23:14:00,22540.0+4418.0j
2016-02-05 23:15:00,22474.0+4450.0j
2016-02-05 23:16:00,22421.0+4462.0j
2016-02-05 23:17:00,22366.0+4496.0j
2016-02-05 23:18:00,22312.0+4529.0j
2016-02-05 23:19:00,22246.0+4539.0j
2016-02-05 23:20:00,22191.0+4572.0j
2016-02-05 23:21:00,22139.0+4582.0j
2016-02-05 23:22:00,22032.0+4604.0j
2016-02-05 23:23:00,21977.0+4637.0j
2016-02-05 23:24:00,21924.0+4648.0j
2016-02-05 23:25:00,21869.0+4680.0j
2016-02-05 23:26:00,21816.0+4713.0j
2016-02-05 23:27:00,21762.0+4744.0j
2016-02-05 23:28:00,21708.0+4753.0j
2016-02-05 23:29:00,21602.0+4774.0j
2016-02-05 23:30:00,21559.0+4808.0j
2016-02-05 23:31:00,21505.0+4817.0j
2016-02-05 23:32:00,21452.0+4849.0j
2016-02-05 23:33:00,21398.0+4879.0j
2016-02-05 23:34:00,21355.0+4890.0j
2016-02-05 23:35:00,21251.0+4909.0j
2016-02-05 23:36:00,21208.0+4941.0j
2016-02-05 23:37:00,21154.0+4950.0j
2016-02-05 23:38:00,21110.0+4982.0j
2016-02-05 23:39:00,21057.0+5011.0j
2016-02-05 23:40:00,21012.0+5023.0j
2016-02-05 23:41:00,20959.0+5051.0j
2016-02-05 23:42:00,20868.0+5050.0j
2016-02-05 23:43:00,20825.0+5082.0j
2016-02-05 23:44:00,20781.0+5091.0j
2016-02-05 23:45:00,20737.0+5123.0j
2016-02-05 23:46:00,20684.0+5129.0j
2016-02-05 23:47:00,20641.0+5160.0j
2016-02-05 23:48:00,20598.0+5169.0j
2016-02-05 23:49:00,20507.0+5167.0j
2016-02-05 23:50:00,20474.0+5200.0j
2016-02-05 23:51:00,20432.0+5210.0j
2016-02-05 23:52:00,20390.0+5219.0j
2016-02-05 23:53:00,20346.0+5249.0j
2016-02-05 23:54:00,20303.0+5258.0j
2016-02-05 23:55:00,20271.0+5270.0j
2016-02-05 23:56:00,20180.0+5268.0j
2016-02-05 23:57:00,20137.0+5276.0j
2016-02-05 23:58:00,20106.0+5289.0j
2016-02-05 23:59:00,20062.0+5297.0j
2016-02-06 00:00:00,20031.0+5308.0j
2016-02-06 00:01:00,19998.0+5319.0j
2016-02-06 00:02:00,19955.0+5327.0j
2016-02-06 00:03:00,19924.0+5319.0j
2016-02-06 00:04:00,19891.0+5330.0j
2016-02-06 00:05:00,19813.0+5330.0j
2016-02-06 00:06:00,19780.0+5340.0j
2016-02-06 00:07:00,19737.0+5329.0j
2016-02-06 00:08:00,19706.0+5340.0j
2016-02-06 00:09:00,19674.0+5332.0j
2016-02-06 00:10:00,19652.0+5346.0j
2016-02-06 00:11:00,19620.0+5336.0j
2016-02-06 00:12:00,19587.0+5347.0j
2016-02-06 00:13:00,19555.0+5338.0j
2016-02-06 00:14:00,19523.0+5330.0j
2016-02-06 00:15:00,19456.0+5331.0j
2016-02-06 00:16:00,19424.0+5323.0j
2016-02-06 00:17:00,19392.0+5313.0j
2016-02-06 00:18:00,19372.0+5307.0j
2016-02-06 00:19:00,19339.0+5318.0j
2016-02-06 00:20:00,19318.0+5313.0j
2016-02-06 00:21:00,19286.0+5303.0j
2016-02-06 00:22:00,19264.0+5298.0j
2016-02-06 00:23:00,19242.0+5292.0j
2016-02-06 00:24:00,19211.0+5283.0j
2016-02-06 00:25:00,19190.0+5278.0j
2016-02-06 00:26:00,19169.0+5271.0j
2016-02-06 00:27:00,19146.0+5265.0j
2016-02-06 00:28:00,19070.0+5245.0j
2016-02-06 00:29:00,19049.0+5237.0j
2016-02-06 00:30:00,19028.0+5233.0j
2016-02-06 00:31:00,19006.0+5227.0j
2016-02-06 00:32:00,18986.0+5222.0j
2016-02-06 00:33:00,18964.0+5196.0j
2016-02-06 00:34:00,18943.0+5190.0j
2016-02-06 00:35:00,18932.0+5188.0j
2016-02-06 00:36:00,18910.0+5181.0j
2016-02-06 00:37:00,18889.0+5175.0j
2016-02-06 00:38:00,18867.0+5169.0j
2016-02-06 00:39:00,18847.0+5145.0j
2016-02-06 00:40:00,18836.0+5141.0j
2016-02-06 00:41:00,18814.0+5137.0j
2016-02-06 00:42:00,18749.0+5118.0j
2016-02-06 00:43:00,18739.0+5116.0j
2016-02-06 00:44:00,18717.0+5091.0j
2016-02-06 00:45:00,18706.0+5089.0j
2016-02-06 00:46:00,18685.0+5083.0j
2016-02-06 00:47:00,18675.0+5079.0j
2016-02-06 00:48:00,18654.0+5056.0j
2016-02-06 00:49:00,18643.0+5052.0j
2016-02-06 00:50:00,18622.0+5047.0j
2016-02-06 00:51:00,18611.0+5044.0j
2016-02-06 00:52:00,18600.0+5023.0j
2016-02-06 00:53:00,18579.0+5016.0j
2016-02-06 00:54:00,18567.0+5014.0j
2016-02-06 00:55:00,18514.0+4999.0j
2016-02-06 00:56:00,18504.0+4995.0j
2016-02-06 00:57:00,18482.0+4972.0j
2016-02-06 00:58:00,18471.0+4969.0j
2016-02-06 00:59:00,18461.0+4966.0j
2016-02-06 01:00:00,18450.0+4962.0j
2016-02-06 01:01:00,18440.0+4960.0j
2016-02-06 01:02:00,18429.0+4958.0j
2016-02-06 01:03:00,18419.0+4955.0j
2016-02-06 01:04:00,18408.0+4952.0j
2016-02-06 01:05:00,18399.0+4930.0j
2016-02-06 01:06:00,18344.0+4917.0j
2016-02-06 01:07:00,18333.0+4913.0j
2016-02-06 01:08:00,18323.0+4911.0j
2016-02-06 01:09:00,18312.0+4907.0j
2016-02-06 01:10:00,18301.0+4905.0j
2016-02-06 01:11:00,18290.0+4903.0j
2016-02-06 01:12:00,18280.0+4899.0j
2016-02-06 01:13:00,18269.0+4897.0j
2016-02-06 01:14:00,18269.0+4897.0j
2016-02-06 01:15:00,18215.0+4882.0j
2016-02-06 01:16:00,18205.0+4879.0j
2016-02-06 01:17:00,18194.0+4876.0j
2016-02-06 01:18:00,18194.0+4894.0j
2016-02-06 01:19:00,18184.0+4892.0j
2016-02-06 01:20:00,18173.0+4890.0j
2016-02-06 01:21:00,18164.0+4886.0j
2016-02-06 01:22:00,18164.0+4886.0j
2016-02-06 01:23:00,18152.0+4883.0j
2016-02-06 01:24:00,18099.0+4869.0j
2016-02-06 01:25:00,18099.0+4869.0j
2016-02-06 01:26:00,18089.0+4865.0j
2016-02-06 01:27:00,18078.0+4862.0j
2016-02-06 01:28:00,18078.0+4882.0j
2016-02-06 01:29:00,18068.0+4879.0j
2016-02-06 01:30:00,18056.0+4875.0j
2016-02-06 01:31:00,18056.0+4875.0j
2016-02-06 01:32:00,18046.0+4872.0j
2016-02-06 01:33:00,17993.0+4858.0j
2016-02-06 01:34:00,17993.0+4858.0j
2016-02-06 01:35:00,17982.0+4873.0j
2016-02-06 01:36:00,17982.0+4873.0j
2016-02-06 01:37:00,17972.0+4870.0j
2016-02-06 01:38:00,17960.0+4868.0j
2016-02-06 01:39:00,17960.0+4868.0j
2016-02-06 01:40:00,17950.0+4864.0j
2016-02-06 01:41:00,17950.0+4864.0j
2016-02-06 01:42:00,17898.0+4869.0j
2016-02-06 01:43:00,17887.0+4864.0j
2016-02-06 01:44:00,17887.0+4864.0j
2016-02-06 01:45:00,17877.0+4862.0j
2016-02-06 01:46:00,17877.0+4862.0j
2016-02-06 01:47:00,17866.0+4859.0j
2016-02-06 01:48:00,17866.0+4878.0j
2016-02-06 01:49:00,17856.0+4875.0j
2016-02-06 01:50:00,17844.0+4872.0j
2016-02-06 01:51:00,17844.0+4872.0j
2016-02-06 01:52:00,17834.0+4869.0j
2016-02-06 01:53:00,17792.0+4857.0j
2016-02-06 01:54:00,17781.0+4854.0j
2016-02-06 01:55:00,17771.0+4851.0j
2016-02-06 01:56:00,17771.0+4870.0j
2016-02-06 01:57:00,17760.0+4867.0j
2016-02-06 01:58:00,17750.0+4864.0j
2016-02-06 01:59:00,17750.0+4864.0j
2016-02-06 02:00:00,17740.0+4861.0j
2016-02-06 02:01:00,17729.0+4857.0j
2016-02-06 02:02:00,17729.0+4857.0j
2016-02-06 02:03:00,17718.0+4855.0j
2016-02-06 02:04:00,17708.0+4851.0j
2016-02-06 02:05:00,17708.0+4851.0j
2016-02-06 02:06:00,17698.0+4849.0j
2016-02-06 02:07:00,17688.0+4846.0j
2016-02-06 02:08:00,17678.0+4862.0j
2016-02-06 02:09:00,17678.0+4862.0j
2016-02-06 02:10:00,17667.0+4859.0j
2016-02-06 02:11:00,17656.0+4856.0j
2016-02-06 02:12:00,17602.0+4841.0j
2016-02-06 02:13:00,17602.0+4841.0j
2016-02-06 02:14:00,17593.0+4838.0j
2016-02-06 02:15:00,17582.0+4835.0j
2016-02-06 02:16:00,17572.0+4831.0j
2016-02-06 02:17:00,17572.0+4831.0j
2016-02-06 02:18:00,17561.0+4829.0j
2016-02-06 02:19:00,17551.0+4827.0j
2016-02-06 02:20:00,17540.0+4824.0j
2016-02-06 02:21:00,17540.0+4824.0j
2016-02-06 02:22:00,17531.0+4821.0j
2016-02-06 02:23:00,17519.0+4818.0j
2016-02-06 02:24:00,17509.0+4816.0j
2016-02-06 02:25:00,17509.0+4816.0j
2016-02-06 02:26:00,17499.0+4813.0j
2016-02-06 02:27:00,17489.0+4809.0j
2016-02-06 02:28:00,17489.0+4809.0j
2016-02-06 02:29:00,17478.0+4807.0j
2016-02-06 02:30:00,17469.0+4803.0j
2016-02-06 02:31:00,17469.0+4803.0j
2016-02-06 02:32:00,17458.0+4801.0j
2016-02-06 02:33:00,17447.0+4797.0j
2016-02-06 02:34:00,17447.0+4797.0j
2016-02-06 02:35:00,17436.0+4795.0j
2016-02-06 02:36:00,17426.0+4792.0j
2016-02-06 02:37:00,17426.0+4792.0j
2016-02-06 02:38:00,17415.0+4789.0j
2016-02-06 02:39:00,17415.0+4789.0j
2016-02-06 02:40:00,17406.0+4786.0j
2016-02-06 02:41:00,17406.0+4786.0j
2016-02-06 02:42:00,17395.0+4783.0j
2016-02-06 02:43:00,17395.0+4783.0j
2016-02-06 02:44:00,17385.0+4781.0j
2016-02-06 02:45:00,17385.0+4781.0j
2016-02-06 02:46:00,17374.0+4779.0j
2016-02-06 02:47:00,17374.0+4779.0j
2016-02-06 02:48:00,17374.0+4779.0j
2016-02-06 02:49:00,17363.0+4775.0j
2016-02-06 02:50:00,17363.0+4775.0j
2016-02-06 02:51:00,17363.0+4775.0j
2016-02-06 02:52:00,17352.0+4772.0j
2016-02-06 02:53:00,17352.0+4772.0j
2016-02-06 02:54:00,17352.0+4772.0j
2016-02-06 02:55:00,17352.0+4772.0j
2016-02-06 02:56:00,17342.0+4769.0j
2016-02-06 02:57:00,17342.0+4769.0j
2016-02-06 02:58:00,17342.0+4769.0j
2016-02-06 02:59:00,17342.0+4769.0j
2016-02-06 03:00:00,17342.0+4769.0j
2016-02-06 03:01:00,17342.0+4769.0j
2016-02-06 03:02:00,17342.0+4769.0j
2016-02-06 03:03:00,17342.0+4769.0j
2016-02-06 03:04:00,17342.0+4769.0j
2016-02-06 03:05:00,17342.0+4769.0j
2016-02-06 03:06:00,17342.0+4769.0j
2016-02-06 03:07:00,17342.0+4786.0j
2016-02-06 03:08:00,17352.0+4789.0j
2016-02-06 03:09:00,17352.0+4789.0j
2016-02-06 03:10:00,17352.0+4789.0j
2016-02-06 03:11:00,17352.0+4789.0j
2016-02-06 03:12:00,17363.0+4792.0j
2016-02-06 03:13:00,17363.0+4792.0j
2016-02-06 03:14:00,17363.0+4792.0j
2016-02-06 03:15:00,17332.0+4802.0j
2016-02-06 03:16:00,17332.0+4802.0j
2016-02-06 03:17:00,17332.0+4802.0j
2016-02-06 03:18:00,17342.0+4804.0j
2016-02-06 03:19:00,17342.0+4804.0j
2016-02-06 03:20:00,17342.0+4804.0j
2016-02-06 03:21:00,17352.0+4807.0j
2016-02-06 03:22:00,17352.0+4824.0j
2016-02-06 03:23:00,17362.0+4827.0j
2016-02-06 03:24:00,17362.0+4827.0j
2016-02-06 03:25:00,17373.0+4829.0j
2016-02-06 03:26:00,17373.0+4829.0j
2016-02-06 03:27:00,17385.0+4834.0j
2016-02-06 03:28:00,17385.0+4850.0j
2016-02-06 03:29:00,17395.0+4853.0j
2016-02-06 03:30:00,17406.0+4857.0j
2016-02-06 03:31:00,17406.0+4857.0j
2016-02-06 03:32:00,17415.0+4859.0j
2016-02-06 03:33:00,17415.0+4859.0j
2016-02-06 03:34:00,17426.0+4879.0j
2016-02-06 03:35:00,17436.0+4882.0j
2016-02-06 03:36:00,17436.0+4882.0j
2016-02-06 03:37:00,17447.0+4884.0j
2016-02-06 03:38:00,17447.0+4884.0j
2016-02-06 03:39:00,17457.0+4887.0j
2016-02-06 03:40:00,17468.0+4907.0j
2016-02-06 03:41:00,17468.0+4907.0j
2016-02-06 03:42:00,17478.0+4912.0j
2016-02-06 03:43:00,17489.0+4914.0j
2016-02-06 03:44:00,17489.0+4914.0j
2016-02-06 03:45:00,17499.0+4935.0j
2016-02-06 03:46:00,17509.0+4938.0j
2016-02-06 03:47:00,17509.0+4938.0j
2016-02-06 03:48:00,17519.0+4940.0j
2016-02-06 03:49:00,17519.0+4940.0j
2016-02-06 03:50:00,17529.0+4943.0j
2016-02-06 03:51:00,17539.0+4964.0j
2016-02-06 03:52:00,17539.0+4964.0j
2016-02-06 03:53:00,17551.0+4967.0j
2016-02-06 03:54:00,17561.0+4970.0j
2016-02-06 03:55:00,17561.0+4970.0j
2016-02-06 03:56:00,17572.0+4973.0j
2016-02-06 03:57:00,17572.0+4990.0j
2016-02-06 03:58:00,17582.0+4993.0j
2016-02-06 03:59:00,17582.0+4993.0j
2016-02-06 04:00:00,17592.0+4995.0j
2016-02-06 04:01:00,17602.0+5000.0j
2016-02-06 04:02:00,17602.0+5000.0j
2016-02-06 04:03:00,17613.0+5002.0j
2016-02-06 04:04:00,17613.0+5020.0j
2016-02-06 04:05:00,17623.0+5023.0j
2016-02-06 04:06:00,17623.0+5023.0j
2016-02-06 04:07:00,17635.0+5026.0j
2016-02-06 04:08:00,17676.0+5038.0j
2016-02-06 04:09:00,17676.0+5038.0j
2016-02-06 04:10:00,17686.0+5041.0j
2016-02-06 04:11:00,17686.0+5041.0j
2016-02-06 04:12:00,17697.0+5061.0j
2016-02-06 04:13:00,17697.0+5061.0j
2016-02-06 04:14:00,17707.0+5063.0j
2016-02-06 04:15:00,17707.0+5063.0j
2016-02-06 04:16:00,17718.0+5068.0j
2016-02-06 04:17:00,17718.0+5068.0j
2016-02-06 04:18:00,17760.0+5079.0j
2016-02-06 04:19:00,17771.0+5083.0j
2016-02-06 04:20:00,17771.0+5083.0j
2016-02-06 04:21:00,17781.0+5085.0j
2016-02-06 04:22:00,17781.0+5085.0j
2016-02-06 04:23:00,17792.0+5089.0j
2016-02-06 04:24:00,17792.0+5106.0j
2016-02-06 04:25:00,17792.0+5106.0j
2016-02-06 04:26:00,17802.0+5109.0j
2016-02-06 04:27:00,17844.0+5121.0j
2016-02-06 04:28:00,17856.0+5124.0j
2016-02-06 04:29:00,17856.0+5124.0j
2016-02-06 04:30:00,17866.0+5127.0j
2016-02-06 04:31:00,17866.0+5127.0j
2016-02-06 04:32:00,17877.0+5131.0j
2016-02-06 04:33:00,17877.0+5131.0j
2016-02-06 04:34:00,17887.0+5134.0j
2016-02-06 04:35:00,17929.0+5146.0j
2016-02-06 04:36:00,17939.0+5148.0j
2016-02-06 04:37:00,17939.0+5148.0j
2016-02-06 04:38:00,17950.0+5152.0j
2016-02-06 04:39:00,17950.0+5152.0j
2016-02-06 04:40:00,17960.0+5155.0j
2016-02-06 04:41:00,17972.0+5159.0j
2016-02-06 04:42:00,17972.0+5159.0j
2016-02-06 04:43:00,17982.0+5161.0j
2016-02-06 04:44:00,18026.0+5173.0j
2016-02-06 04:45:00,18035.0+5177.0j
2016-02-06 04:46:00,18046.0+5180.0j
2016-02-06 04:47:00,18046.0+5180.0j
2016-02-06 04:48:00,18056.0+5182.0j
2016-02-06 04:49:00,18068.0+5185.0j
2016-02-06 04:50:00,18068.0+5185.0j
2016-02-06 04:51:00,18078.0+5189.0j
2016-02-06 04:52:00,18089.0+5192.0j
2016-02-06 04:53:00,18099.0+5194.0j
2016-02-06 04:54:00,18152.0+5192.0j
2016-02-06 04:55:00,18152.0+5192.0j
2016-02-06 04:56:00,18164.0+5194.0j
2016-02-06 04:57:00,18173.0+5196.0j
2016-02-06 04:58:00,18184.0+5200.0j
2016-02-06 04:59:00,18194.0+5204.0j
2016-02-06 05:00:00,18205.0+5207.0j
2016-02-06 05:01:00,18215.0+5210.0j
2016-02-06 05:02:00,18227.0+5213.0j
2016-02-06 05:03:00,18236.0+5215.0j
2016-02-06 05:04:00,18247.0+5219.0j
2016-02-06 05:05:00,18257.0+5204.0j
2016-02-06 05:06:00,18268.0+5207.0j
2016-02-06 05:07:00,18279.0+5210.0j
2016-02-06 05:08:00,18300.0+5215.0j
2016-02-06 05:09:00,18311.0+5219.0j
2016-02-06 05:10:00,18321.0+5222.0j
2016-02-06 05:11:00,18332.0+5224.0j
2016-02-06 05:12:00,18386.0+5240.0j
2016-02-06 05:13:00,18407.0+5227.0j
2016-02-06 05:14:00,18419.0+5229.0j
2016-02-06 05:15:00,18428.0+5235.0j
2016-02-06 05:16:00,18449.0+5240.0j
2016-02-06 05:17:00,18459.0+5243.0j
2016-02-06 05:18:00,18470.0+5245.0j
2016-02-06 05:19:00,18491.0+5233.0j
2016-02-06 05:20:00,18502.0+5237.0j
2016-02-06 05:21:00,18524.0+5242.0j
2016-02-06 05:22:00,18534.0+5245.0j
2016-02-06 05:23:00,18545.0+5248.0j
2016-02-06 05:24:00,18565.0+5255.0j
2016-02-06 05:25:00,18576.0+5237.0j
2016-02-06 05:26:00,18598.0+5245.0j
2016-02-06 05:27:00,18608.0+5248.0j
2016-02-06 05:28:00,18629.0+5253.0j
2016-02-06 05:29:00,18641.0+5257.0j
2016-02-06 05:30:00,18660.0+5244.0j
2016-02-06 05:31:00,18681.0+5249.0j
2016-02-06 05:32:00,18692.0+5252.0j
2016-02-06 05:33:00,18668.0+5246.0j
2016-02-06 05:34:00,18680.0+5249.0j
2016-02-06 05:35:00,18701.0+5237.0j
2016-02-06 05:36:00,18722.0+5242.0j
2016-02-06 05:37:00,18733.0+5245.0j
2016-02-06 05:38:00,18753.0+5250.0j
2016-02-06 05:39:00,18764.0+5255.0j
2016-02-06 05:40:00,18785.0+5241.0j
2016-02-06 05:41:00,18807.0+5248.0j
2016-02-06 05:42:00,18817.0+5250.0j
2016-02-06 05:43:00,18837.0+5256.0j
2016-02-06 05:44:00,18859.0+5243.0j
2016-02-06 05:45:00,18869.0+5245.0j
2016-02-06 05:46:00,18890.0+5251.0j
2016-02-06 05:47:00,18912.0+5257.0j
2016-02-06 05:48:00,18932.0+5263.0j
2016-02-06 05:49:00,18943.0+5248.0j
2016-02-06 05:50:00,18965.0+5253.0j
2016-02-06 05:51:00,18986.0+5259.0j
2016-02-06 05:52:00,18996.0+5262.0j
2016-02-06 05:53:00,19018.0+5249.0j
2016-02-06 05:54:00,19039.0+5255.0j
2016-02-06 05:55:00,19049.0+5257.0j
2016-02-06 05:56:00,19069.0+5263.0j
2016-02-06 05:57:00,19091.0+5270.0j
2016-02-06 05:58:00,19111.0+5256.0j
2016-02-06 05:59:00,19122.0+5259.0j
2016-02-06 06:00:00,19144.0+5265.0j
2016-02-06 06:01:00,19165.0+5270.0j
2016-02-06 06:02:00,19176.0+5272.0j
2016-02-06 06:03:00,19197.0+5260.0j
2016-02-06 06:04:00,19218.0+5265.0j
2016-02-06 06:05:00,19239.0+5272.0j
2016-02-06 06:06:00,19250.0+5275.0j
2016-02-06 06:07:00,19271.0+5280.0j
2016-02-06 06:08:00,19290.0+5268.0j
2016-02-06 06:09:00,19302.0+5270.0j
2016-02-06 06:10:00,19323.0+5275.0j
2016-02-06 06:11:00,19344.0+5281.0j
2016-02-06 06:12:00,19365.0+5268.0j
2016-02-06 06:13:00,19376.0+5270.0j
2016-02-06 06:14:00,19397.0+5276.0j
2016-02-06 06:15:00,19419.0+5282.0j
2016-02-06 06:16:00,19440.0+5268.0j
2016-02-06 06:17:00,19460.0+5273.0j
2016-02-06 06:18:00,19482.0+5279.0j
2016-02-06 06:19:00,19492.0+5262.0j
2016-02-06 06:20:00,19513.0+5268.0j
2016-02-06 06:21:00,19534.0+5275.0j
2016-02-06 06:22:00,19555.0+5260.0j
2016-02-06 06:23:00,19576.0+5266.0j
2016-02-06 06:24:00,19598.0+5272.0j
2016-02-06 06:25:00,19619.0+5257.0j
2016-02-06 06:26:00,19639.0+5263.0j
2016-02-06 06:27:00,19661.0+5249.0j
2016-02-06 06:28:00,19682.0+5255.0j
2016-02-06 06:29:00,19714.0+5244.0j
2016-02-06 06:30:00,19734.0+5249.0j
2016-02-06 06:31:00,19755.0+5235.0j
2016-02-06 06:32:00,19824.0+5253.0j
2016-02-06 06:33:00,19855.0+5242.0j
2016-02-06 06:34:00,19875.0+5248.0j
2016-02-06 06:35:00,19897.0+5233.0j
2016-02-06 06:36:00,19929.0+5241.0j
2016-02-06 06:37:00,19951.0+5227.0j
2016-02-06 06:38:00,19982.0+5215.0j
2016-02-06 06:39:00,20004.0+5222.0j
2016-02-06 06:40:00,20035.0+5210.0j
2016-02-06 06:41:00,20057.0+5194.0j
2016-02-06 06:42:00,20087.0+5182.0j
2016-02-06 06:43:00,20120.0+5192.0j
2016-02-06 06:44:00,20151.0+5179.0j
2016-02-06 06:45:00,20172.0+5164.0j
2016-02-06 06:46:00,20205.0+5152.0j
2016-02-06 06:47:00,20236.0+5139.0j
2016-02-06 06:48:00,20268.0+5128.0j
2016-02-06 06:49:00,20299.0+5116.0j
2016-02-06 06:50:00,20331.0+5104.0j
2016-02-06 06:51:00,20373.0+5093.0j
2016-02-06 06:52:00,20405.0+5081.0j
2016-02-06 06:53:00,20485.0+5080.0j
2016-02-06 06:54:00,20517.0+5069.0j
2016-02-06 06:55:00,20559.0+5058.0j
2016-02-06 06:56:00,20591.0+5024.0j
2016-02-06 06:57:00,20634.0+5014.0j
2016-02-06 06:58:00,20676.0+5003.0j
2016-02-06 06:59:00,20707.0+4970.0j
2016-02-06 07:00:00,20750.0+4960.0j
2016-02-06 07:01:00,20792.0+4948.0j
2016-02-06 07:02:00,20835.0+4917.0j
2016-02-06 07:03:00,20878.0+4906.0j
2016-02-06 07:04:00,20920.0+4874.0j
2016-02-06 07:05:00,20962.0+4842.0j
2016-02-06 07:06:00,21004.0+4831.0j
2016-02-06 07:07:00,21047.0+4799.0j
2016-02-06 07:08:00,21139.0+4799.0j
2016-02-06 07:09:00,21192.0+4768.0j
2016-02-06 07:10:00,20647.0+4604.0j
2016-02-06 07:11:00,20309.0+4489.0j
2016-02-06 07:12:00,19961.0+4391.0j
2016-02-06 07:13:00,19220.0+4189.0j
2016-02-06 07:14:00,18491.0+3995.0j
2016-02-06 07:15:00,18337.0+3924.0j
2016-02-06 07:16:00,17803.0+3793.0j
2016-02-06 07:17:00,17466.0+3685.0j
2016-02-06 07:18:00,16921.0+3536.0j
2016-02-06 07:19:00,16583.0+3432.0j
2016-02-06 07:20:00,16038.0+3288.0j
2016-02-06 07:21:00,15699.0+3188.0j
2016-02-06 07:22:00,15397.0+3111.0j
2016-02-06 07:23:00,14852.0+2970.0j
2016-02-06 07:24:00,14513.0+2874.0j
2016-02-06 07:25:00,14173.0+2778.0j
2016-02-06 07:26:00,13639.0+2646.0j
2016-02-06 07:27:00,13289.0+2550.0j
2016-02-06 07:28:00,13145.0+2510.0j
2016-02-06 07:29:00,12600.0+2382.0j
2016-02-06 07:30:00,12261.0+2293.0j
2016-02-06 07:31:00,11922.0+2205.0j
2016-02-06 07:32:00,11573.0+2129.0j
2016-02-06 07:33:00,11234.0+2045.0j
2016-02-06 07:34:00,10687.0+1923.0j
2016-02-06 07:35:00,10545.0+1887.0j
2016-02-06 07:36:00,9998.0+1770.0j
2016-02-06 07:37:00,9856.0+1724.0j
2016-02-06 07:38:00,9333.0+1624.0j
2016-02-06 07:39:00,8992.0+1548.0j
2016-02-06 07:40:00,8838.0+1512.0j
2016-02-06 07:41:00,8292.0+1401.0j
2016-02-06 07:42:00,7951.0+1336.0j
2016-02-06 07:43:00,7797.0+1295.0j
2016-02-06 07:44:00,7448.0+1229.0j
2016-02-06 07:45:00,5917.0+971.0j
2016-02-06 07:46:00,5567.0+902.0j
2016-02-06 07:47:00,5215.0+840.0j
2016-02-06 07:48:00,4864.0+778.0j
2016-02-06 07:49:00,4514.0+718.0j
2016-02-06 07:50:00,4153.0+655.0j
2016-02-06 07:51:00,3802.0+598.0j
2016-02-06 07:52:00,3453.0+539.0j
2016-02-06 07:53:00,3092.0+479.0j
2016-02-06 07:54:00,2534.0+390.0j
2016-02-06 07:55:00,2183.0+336.0j
2016-02-06 07:56:00,1822.0+278.0j
2016-02-06 07:57:00,1657.0+253.0j
2016-02-06 07:58:00,1296.0+197.0j
2016-02-06 07:59:00,935.0+141.0j
2016-02-06 08:00:00,574.0+87.0j
2016-02-06 08:01:00,212.0+33.0j
2016-02-06 08:02:00,-159.0-23.0j
2016-02-06 08:03:00,-521.0-78.0j
2016-02-06 08:04:00,-893.0-133.0j
2016-02-06 08:05:00,-1253.0-188.0j
2016-02-06 08:06:00,-1429.0-214.0j
2016-02-06 08:07:00,-1801.0-269.0j
2016-02-06 08:08:00,-1976.0-297.0j
2016-02-06 08:09:00,-2348.0-354.0j
2016-02-06 08:10:00,-2916.0-441.0j
2016-02-06 08:11:00,-3288.0-497.0j
2016-02-06 08:12:00,-3475.0-529.0j
2016-02-06 08:13:00,-3845.0-585.0j
2016-02-06 08:14:00,-4218.0-645.0j
2016-02-06 08:15:00,-4404.0-674.0j
2016-02-06 08:16:00,-4775.0-735.0j
2016-02-06 08:17:00,-5344.0-822.0j
2016-02-06 08:18:00,-5724.0-887.0j
2016-02-06 08:19:00,-6105.0-952.0j
2016-02-06 08:20:00,-6291.0-981.0j
2016-02-06 08:21:00,-6868.0-1079.0j
2016-02-06 08:22:00,-7251.0-1145.0j
2016-02-06 08:23:00,-7436.0-1183.0j
2016-02-06 08:24:00,-7818.0-1251.0j
2016-02-06 08:25:00,-8199.0-1311.0j
2016-02-06 08:26:00,-8384.0-1350.0j
2016-02-06 08:27:00,-8778.0-1421.0j
2016-02-06 08:28:00,-8963.0-1461.0j
2016-02-06 08:29:00,-9344.0-1532.0j
2016-02-06 08:30:00,-9933.0-1639.0j
2016-02-06 08:31:00,-10119.0-1680.0j
2016-02-06 08:32:00,-10510.0-1755.0j
2016-02-06 08:33:00,-10892.0-1830.0j
2016-02-06 08:34:00,-11090.0-1874.0j
2016-02-06 08:35:00,-11481.0-1951.0j
2016-02-06 08:36:00,-11862.0-2028.0j
2016-02-06 08:37:00,-12057.0-2074.0j
2016-02-06 08:38:00,-12451.0-2155.0j
2016-02-06 08:39:00,-12832.0-2233.0j
2016-02-06 08:40:00,-13224.0-2314.0j
2016-02-06 08:41:00,-13389.0-2357.0j
2016-02-06 08:42:00,-13781.0-2439.0j
2016-02-06 08:43:00,-14172.0-2523.0j
2016-02-06 08:44:00,-14562.0-2606.0j
2016-02-06 08:45:00,-14749.0-2639.0j
2016-02-06 08:46:00,-14943.0-2689.0j
2016-02-06 08:47:00,-15530.0-2811.0j
2016-02-06 08:48:00,-15922.0-2899.0j
2016-02-06 08:49:00,-16313.0-2986.0j
2016-02-06 08:50:00,-16548.0-3045.0j
2016-02-06 08:51:00,-16941.0-3117.0j
2016-02-06 08:52:00,-17333.0-3206.0j
2016-02-06 08:53:00,-17529.0-3260.0j
2016-02-06 08:54:00,-17725.0-3297.0j
2016-02-06 08:55:00,-18118.0-3388.0j
2016-02-06 08:56:00,-18303.0-3423.0j
2016-02-06 08:57:00,-18696.0-3515.0j
2016-02-06 08:58:00,-18891.0-3552.0j
2016-02-06 08:59:00,-19283.0-3644.0j
2016-02-06 09:00:00,-19676.0-3720.0j
2016-02-06 09:01:00,-19873.0-3755.0j
2016-02-06 09:02:00,-20264.0-3851.0j
2016-02-06 09:03:00,-20450.0-3886.0j
2016-02-06 09:04:00,-20843.0-3960.0j
2016-02-06 09:05:00,-21234.0-4035.0j
2016-02-06 09:06:00,-21480.0-4081.0j
2016-02-06 09:07:00,-21864.0-4154.0j
2016-02-06 09:08:00,-22257.0-4229.0j
2016-02-06 09:09:00,-22453.0-4266.0j
2016-02-06 09:10:00,-22650.0-4305.0j
2016-02-06 09:11:00,-23229.0-4390.0j
2016-02-06 09:12:00,-23229.0-4390.0j
2016-02-06 09:13:00,-23819.0-4501.0j
2016-02-06 09:14:00,-24061.0-4547.0j
2016-02-06 09:15:00,-24258.0-4561.0j
2016-02-06 09:16:00,-24258.0-4561.0j
2016-02-06 09:17:00,-24444.0-4595.0j
2016-02-06 09:18:00,-25233.0-4718.0j
2016-02-06 09:19:00,-25420.0-4753.0j
2016-02-06 09:20:00,-25874.0-4813.0j
2016-02-06 09:21:00,-25874.0-4813.0j
2016-02-06 09:22:00,-26652.0-4930.0j
2016-02-06 09:23:00,-26851.0-4968.0j
2016-02-06 09:24:00,-27038.0-4974.0j
2016-02-06 09:25:00,-27433.0-5020.0j
2016-02-06 09:26:00,-27299.0-4995.0j
2016-02-06 09:27:00,-27881.0-5074.0j
2016-02-06 09:28:00,-28278.0-5147.0j
2016-02-06 09:29:00,-28069.0-5080.0j
2016-02-06 09:30:00,-27871.0-5017.0j
2016-02-06 09:31:00,-28322.0-5098.0j
2016-02-06 09:32:00,-28520.0-5105.0j
2016-02-06 09:33:00,-29105.0-5181.0j
2016-02-06 09:34:00,-29503.0-5222.0j
2016-02-06 09:35:00,-29899.0-5292.0j
2016-02-06 09:36:00,-30087.0-5295.0j
2016-02-06 09:37:00,-30554.0-5347.0j
2016-02-06 09:38:00,-31141.0-5449.0j
2016-02-06 09:39:00,-31340.0-5454.0j
2016-02-06 09:40:00,-31528.0-5455.0j
2016-02-06 09:41:00,-31130.0-5385.0j
2016-02-06 09:42:00,-31925.0-5491.0j
2016-02-06 09:43:00,-32386.0-5538.0j
2016-02-06 09:44:00,-32386.0-5506.0j
2016-02-06 09:45:00,-32376.0-5504.0j
2016-02-06 09:46:00,-32775.0-5539.0j
2016-02-06 09:47:00,-33572.0-5673.0j
2016-02-06 09:48:00,-33761.0-5671.0j
2016-02-06 09:49:00,-34040.0-5683.0j
2016-02-06 09:50:00,-34040.0-5683.0j
2016-02-06 09:51:00,-34429.0-5716.0j
2016-02-06 09:52:00,-34829.0-5781.0j
2016-02-06 09:53:00,-35028.0-5779.0j
2016-02-06 09:54:00,-35416.0-5844.0j
2016-02-06 09:55:00,-35617.0-5842.0j
2016-02-06 09:56:00,-35698.0-5855.0j
2016-02-06 09:57:00,-36099.0-5884.0j
2016-02-06 09:58:00,-35687.0-5816.0j
2016-02-06 09:59:00,-36089.0-5847.0j
2016-02-06 10:00:00,-36289.0-5879.0j
2016-02-06 10:01:00,-36689.0-5944.0j
2016-02-06 10:02:00,-37089.0-5971.0j
2016-02-06 10:03:00,-36890.0-5939.0j
2016-02-06 10:04:00,-37278.0-6001.0j
2016-02-06 10:05:00,-37880.0-6099.0j
2016-02-06 10:06:00,-38081.0-6132.0j
2016-02-06 10:07:00,-38570.0-6210.0j
2016-02-06 10:08:00,-38770.0-6202.0j
2016-02-06 10:09:00,-38971.0-6235.0j
2016-02-06 10:10:00,-38971.0-6235.0j
2016-02-06 10:11:00,-39372.0-6300.0j
2016-02-06 10:12:00,-39574.0-6331.0j
2016-02-06 10:13:00,-39975.0-6396.0j
2016-02-06 10:14:00,-39574.0-6371.0j
2016-02-06 10:15:00,-39574.0-6371.0j
2016-02-06 10:16:00,-39975.0-6436.0j
2016-02-06 10:17:00,-40778.0-6565.0j
2016-02-06 10:18:00,-40979.0-6598.0j
2016-02-06 10:19:00,-41381.0-6662.0j
2016-02-06 10:20:00,-41391.0-6706.0j
2016-02-06 10:21:00,-41391.0-6706.0j
2016-02-06 10:22:00,-41391.0-6706.0j
2016-02-06 10:23:00,-41994.0-6845.0j
2016-02-06 10:24:00,-42195.0-6877.0j
2016-02-06 10:25:00,-42394.0-6910.0j
2016-02-06 10:26:00,-42406.0-6954.0j
2016-02-06 10:27:00,-42606.0-6987.0j
2016-02-06 10:28:00,-42606.0-7029.0j
2016-02-06 10:29:00,-43008.0-7097.0j
2016-02-06 10:30:00,-43220.0-7130.0j
2016-02-06 10:31:00,-43220.0-7174.0j
2016-02-06 10:32:00,-43421.0-7208.0j
2016-02-06 10:33:00,-43833.0-7320.0j
2016-02-06 10:34:00,-44234.0-7432.0j
2016-02-06 10:35:00,-44435.0-7465.0j
2016-02-06 10:36:00,-44648.0-7546.0j
2016-02-06 10:37:00,-44648.0-7546.0j
2016-02-06 10:38:00,-44755.0-7608.0j
2016-02-06 10:39:00,-44956.0-7687.0j
2016-02-06 10:40:00,-45157.0-7722.0j
2016-02-06 10:41:00,-45167.0-7769.0j
2016-02-06 10:42:00,-45568.0-7883.0j
2016-02-06 10:43:00,-45779.0-7964.0j
2016-02-06 10:44:00,-45779.0-7964.0j
2016-02-06 10:45:00,-45990.0-8048.0j
2016-02-06 10:46:00,-46190.0-8130.0j
2016-02-06 10:47:00,-46402.0-8213.0j
2016-02-06 10:48:00,-45600.0-8071.0j
2016-02-06 10:49:00,-45812.0-8155.0j
2016-02-06 10:50:00,-46011.0-8237.0j
2016-02-06 10:51:00,-46022.0-8284.0j
2016-02-06 10:52:00,-46233.0-8368.0j
2016-02-06 10:53:00,-46835.0-8524.0j
2016-02-06 10:54:00,-46936.0-8542.0j
2016-02-06 10:55:00,-47148.0-8627.0j
2016-02-06 10:56:00,-47348.0-8713.0j
2016-02-06 10:57:00,-47360.0-8761.0j
2016-02-06 10:58:00,-47370.0-8811.0j
2016-02-06 10:59:00,-47569.0-8894.0j
2016-02-06 11:00:00,-47581.0-8944.0j
2016-02-06 11:01:00,-47791.0-9033.0j
2016-02-06 11:02:00,-47591.0-9043.0j
2016-02-06 11:03:00,-48202.0-9207.0j
2016-02-06 11:04:00,-48213.0-9257.0j
2016-02-06 11:05:00,-48423.0-9346.0j
2016-02-06 11:06:00,-48434.0-9396.0j
2016-02-06 11:07:00,-48721.0-9501.0j
2016-02-06 11:08:00,-48732.0-9551.0j
2016-02-06 11:09:00,-48942.0-9642.0j
2016-02-06 11:10:00,-48953.0-9692.0j
2016-02-06 11:11:00,-48764.0-9704.0j
2016-02-06 11:12:00,-48963.0-9792.0j
2016-02-06 11:13:00,-49173.0-9885.0j
2016-02-06 11:14:00,-49383.0-9975.0j
2016-02-06 11:15:00,-49594.0-10067.0j
2016-02-06 11:16:00,-49605.0-10119.0j
2016-02-06 11:17:00,-50413.0-10334.0j
2016-02-06 11:18:00,-50623.0-10429.0j
2016-02-06 11:19:00,-50235.0-10398.0j
2016-02-06 11:20:00,-50645.0-10534.0j
2016-02-06 11:21:00,-49943.0-10437.0j
2016-02-06 11:22:00,-50339.0-10572.0j
2016-02-06 11:23:00,-49753.0-10498.0j
2016-02-06 11:24:00,-49964.0-10593.0j
2016-02-06 11:25:00,-50770.0-10815.0j
2016-02-06 11:26:00,-50780.0-10918.0j
2016-02-06 11:27:00,-50991.0-11014.0j
2016-02-06 11:28:00,-50604.0-10981.0j
2016-02-06 11:29:00,-51012.0-11119.0j
2016-02-06 11:30:00,-51419.0-11261.0j
2016-02-06 11:31:00,-51431.0-11314.0j
2016-02-06 11:32:00,-51441.0-11369.0j
2016-02-06 11:33:00,-51452.0-11423.0j
2016-02-06 11:34:00,-51861.0-11566.0j
2016-02-06 11:35:00,-52071.0-11664.0j
2016-02-06 11:36:00,-52082.0-11718.0j
2016-02-06 11:37:00,-52093.0-11772.0j
2016-02-06 11:38:00,-52302.0-11872.0j
2016-02-06 11:39:00,-52512.0-11972.0j
2016-02-06 11:40:00,-52401.0-12000.0j
2016-02-06 11:41:00,-52412.0-12055.0j
2016-02-06 11:42:00,-52423.0-12110.0j
2016-02-06 11:43:00,-52632.0-12211.0j
2016-02-06 11:44:00,-52643.0-12267.0j
2016-02-06 11:45:00,-52665.0-12324.0j
2016-02-06 11:46:00,-52675.0-12379.0j
2016-02-06 11:47:00,-52686.0-12433.0j
2016-02-06 11:48:00,-52895.0-12536.0j
2016-02-06 11:49:00,-52907.0-12591.0j
2016-02-06 11:50:00,-53115.0-12695.0j
2016-02-06 11:51:00,-53126.0-12751.0j
2016-02-06 11:52:00,-53136.0-12806.0j
2016-02-06 11:53:00,-53146.0-12862.0j
2016-02-06 11:54:00,-53157.0-12917.0j
2016-02-06 11:55:00,-53168.0-12973.0j
2016-02-06 11:56:00,-53179.0-13029.0j
2016-02-06 11:57:00,-53190.0-13032.0j
2016-02-06 11:58:00,-53400.0-13137.0j
2016-02-06 11:59:00,-53410.0-13192.0j
2016-02-06 12:00:00,-53421.0-13249.0j
2016-02-06 12:01:00,-53431.0-13305.0j
2016-02-06 12:02:00,-53443.0-13360.0j
2016-02-06 12:03:00,-53255.0-13315.0j
2016-02-06 12:04:00,-53464.0-13420.0j
2016-02-06 12:05:00,-53277.0-13426.0j
2016-02-06 12:06:00,-53486.0-13531.0j
2016-02-06 12:07:00,-53298.0-13537.0j
2016-02-06 12:08:00,-53111.0-13490.0j
2016-02-06 12:09:00,-53320.0-13597.0j
2016-02-06 12:10:00,-53529.0-13703.0j
2016-02-06 12:11:00,-53739.0-13811.0j
2016-02-06 12:12:00,-53749.0-13814.0j
2016-02-06 12:13:00,-53760.0-13870.0j
2016-02-06 12:14:00,-53771.0-13927.0j
2016-02-06 12:15:00,-53782.0-13929.0j
2016-02-06 12:16:00,-53793.0-13985.0j
2016-02-06 12:17:00,-53804.0-14042.0j
2016-02-06 12:18:00,-53814.0-14046.0j
2016-02-06 12:19:00,-53625.0-14051.0j
2016-02-06 12:20:00,-53835.0-14104.0j
2016-02-06 12:21:00,-53845.0-14162.0j
2016-02-06 12:22:00,-53856.0-14218.0j
2016-02-06 12:23:00,-53658.0-14165.0j
2016-02-06 12:24:00,-53669.0-14223.0j
2016-02-06 12:25:00,-53679.0-14225.0j
2016-02-06 12:26:00,-53418.0-14209.0j
2016-02-06 12:27:00,-53031.0-14106.0j
2016-02-06 12:28:00,-52842.0-14108.0j
2016-02-06 12:29:00,-52455.0-14005.0j
2016-02-06 12:30:00,-52665.0-14114.0j
2016-02-06 12:31:00,-51681.0-13851.0j
2016-02-06 12:32:00,-51891.0-13958.0j
2016-02-06 12:33:00,-52090.0-14013.0j
2016-02-06 12:34:00,-52499.0-14175.0j
2016-02-06 12:35:00,-52509.0-14178.0j
2016-02-06 12:36:00,-51724.0-13965.0j
2016-02-06 12:37:00,-52333.0-14182.0j
2016-02-06 12:38:00,-51944.0-14076.0j
2016-02-06 12:39:00,-53348.0-14510.0j
2016-02-06 12:40:00,-52564.0-14297.0j
2016-02-06 12:41:00,-52763.0-14351.0j
2016-02-06 12:42:00,-52176.0-14245.0j
2016-02-06 12:43:00,-52585.0-14356.0j
2016-02-06 12:44:00,-52796.0-14413.0j
2016-02-06 12:45:00,-52806.0-14469.0j
2016-02-06 12:46:00,-52607.0-14414.0j
2016-02-06 12:47:00,-52618.0-14417.0j
2016-02-06 12:48:00,-52629.0-14472.0j
2016-02-06 12:49:00,-51446.0-14148.0j
2016-02-06 12:50:00,-52053.0-14315.0j
2016-02-06 12:51:00,-51655.0-14205.0j
2016-02-06 12:52:00,-51667.0-14260.0j
2016-02-06 12:53:00,-52075.0-14372.0j
2016-02-06 12:54:00,-51489.0-14212.0j
2016-02-06 12:55:00,-51489.0-14212.0j
2016-02-06 12:56:00,-50903.0-14048.0j
2016-02-06 12:57:00,-51113.0-14159.0j
2016-02-06 12:58:00,-50924.0-14106.0j
2016-02-06 12:59:00,-50924.0-14106.0j
2016-02-06 13:00:00,-51730.0-14330.0j
2016-02-06 13:01:00,-51343.0-14223.0j
2016-02-06 13:02:00,-51145.0-14168.0j
2016-02-06 13:03:00,-51156.0-14170.0j
2016-02-06 13:04:00,-51165.0-14173.0j
2016-02-06 13:05:00,-51165.0-14225.0j
2016-02-06 13:06:00,-50978.0-14172.0j
2016-02-06 13:07:00,-50193.0-13953.0j
2016-02-06 13:08:00,-50790.0-14119.0j
2016-02-06 13:09:00,-50801.0-14123.0j
2016-02-06 13:10:00,-50414.0-14015.0j
2016-02-06 13:11:00,-50215.0-13960.0j
2016-02-06 13:12:00,-51021.0-14184.0j
2016-02-06 13:13:00,-50833.0-14131.0j
2016-02-06 13:14:00,-49325.0-13714.0j
2016-02-06 13:15:00,-49932.0-13882.0j
2016-02-06 13:16:00,-49733.0-13826.0j
2016-02-06 13:17:00,-49744.0-13829.0j
2016-02-06 13:18:00,-49347.0-13718.0j
2016-02-06 13:19:00,-48961.0-13611.0j
2016-02-06 13:20:00,-49171.0-13670.0j
2016-02-06 13:21:00,-48773.0-13559.0j
2016-02-06 13:22:00,-48785.0-13562.0j
2016-02-06 13:23:00,-48586.0-13507.0j
2016-02-06 13:24:00,-48398.0-13455.0j
2016-02-06 13:25:00,-48795.0-13564.0j
2016-02-06 13:26:00,-48409.0-13410.0j
2016-02-06 13:27:00,-48409.0-13410.0j
2016-02-06 13:28:00,-48619.0-13467.0j
2016-02-06 13:29:00,-48222.0-13357.0j
2016-02-06 13:30:00,-47725.0-13219.0j
2016-02-06 13:31:00,-46933.0-13000.0j
2016-02-06 13:32:00,-47340.0-13112.0j
2016-02-06 13:33:00,-47933.0-13277.0j
2016-02-06 13:34:00,-47537.0-13167.0j
2016-02-06 13:35:00,-47746.0-13227.0j
2016-02-06 13:36:00,-46756.0-12952.0j
2016-02-06 13:37:00,-47360.0-13071.0j
2016-02-06 13:38:00,-47360.0-13071.0j
2016-02-06 13:39:00,-46964.0-12963.0j
2016-02-06 13:40:00,-46976.0-12965.0j
2016-02-06 13:41:00,-46777.0-12911.0j
2016-02-06 13:42:00,-46381.0-12801.0j
2016-02-06 13:43:00,-46195.0-12751.0j
2016-02-06 13:44:00,-45600.0-12586.0j
2016-02-06 13:45:00,-45204.0-12476.0j
2016-02-06 13:46:00,-45109.0-12405.0j
2016-02-06 13:47:00,-44121.0-12133.0j
2016-02-06 13:48:00,-43924.0-12079.0j
2016-02-06 13:49:00,-44923.0-12354.0j
2016-02-06 13:50:00,-44132.0-12136.0j
2016-02-06 13:51:00,-43343.0-11919.0j
2016-02-06 13:52:00,-43343.0-11919.0j
2016-02-06 13:53:00,-43156.0-11868.0j
2016-02-06 13:54:00,-42959.0-11813.0j
2016-02-06 13:55:00,-43353.0-11878.0j
2016-02-06 13:56:00,-42959.0-11771.0j
2016-02-06 13:57:00,-43551.0-11933.0j
2016-02-06 13:58:00,-42772.0-11720.0j
2016-02-06 13:59:00,-41981.0-11503.0j
2016-02-06 14:00:00,-42179.0-11558.0j
2016-02-06 14:01:00,-41981.0-11503.0j
2016-02-06 14:02:00,-41981.0-11503.0j
2016-02-06 14:03:00,-41586.0-11394.0j
2016-02-06 14:04:00,-41597.0-11396.0j
2016-02-06 14:05:00,-41399.0-11344.0j
2016-02-06 14:06:00,-40807.0-11181.0j
2016-02-06 14:07:00,-40807.0-11181.0j
2016-02-06 14:08:00,-41399.0-11302.0j
2016-02-06 14:09:00,-41202.0-11248.0j
2016-02-06 14:10:00,-41004.0-11195.0j
2016-02-06 14:11:00,-40807.0-11140.0j
2016-02-06 14:12:00,-40610.0-11086.0j
2016-02-06 14:13:00,-40411.0-11031.0j
2016-02-06 14:14:00,-40411.0-11031.0j
2016-02-06 14:15:00,-40411.0-11031.0j
2016-02-06 14:16:00,-40214.0-10979.0j
2016-02-06 14:17:00,-39623.0-10817.0j
2016-02-06 14:18:00,-39424.0-10762.0j
2016-02-06 14:19:00,-39226.0-10709.0j
2016-02-06 14:20:00,-38239.0-10439.0j
2016-02-06 14:21:00,-38041.0-10386.0j
2016-02-06 14:22:00,-38041.0-10386.0j
2016-02-06 14:23:00,-37844.0-10331.0j
2016-02-06 14:24:00,-38032.0-10382.0j
2016-02-06 14:25:00,-36846.0-10059.0j
2016-02-06 14:26:00,-35941.0-9811.0j
2016-02-06 14:27:00,-35941.0-9811.0j
2016-02-06 14:28:00,-36338.0-9920.0j
2016-02-06 14:29:00,-36734.0-10029.0j
2016-02-06 14:30:00,-36338.0-9920.0j
2016-02-06 14:31:00,-36129.0-9863.0j
2016-02-06 14:32:00,-35733.0-9755.0j
2016-02-06 14:33:00,-35535.0-9700.0j
2016-02-06 14:34:00,-35139.0-9593.0j
2016-02-06 14:35:00,-34941.0-9540.0j
2016-02-06 14:36:00,-34733.0-9481.0j
2016-02-06 14:37:00,-34534.0-9429.0j
2016-02-06 14:38:00,-34534.0-9429.0j
2016-02-06 14:39:00,-34326.0-9370.0j
2016-02-06 14:40:00,-34127.0-9317.0j
2016-02-06 14:41:00,-33929.0-9263.0j
2016-02-06 14:42:00,-33611.0-9176.0j
2016-02-06 14:43:00,-33006.0-9011.0j
2016-02-06 14:44:00,-32807.0-8957.0j
2016-02-06 14:45:00,-32411.0-8848.0j
2016-02-06 14:46:00,-32201.0-8791.0j
2016-02-06 14:47:00,-32004.0-8737.0j
2016-02-06 14:48:00,-32191.0-8821.0j
2016-02-06 14:49:00,-31993.0-8766.0j
2016-02-06 14:50:00,-31000.0-8494.0j
2016-02-06 14:51:00,-30791.0-8436.0j
2016-02-06 14:52:00,-30791.0-8436.0j
2016-02-06 14:53:00,-29787.0-8161.0j
2016-02-06 14:54:00,-29390.0-8052.0j
2016-02-06 14:55:00,-29249.0-8014.0j
2016-02-06 14:56:00,-29647.0-8123.0j
2016-02-06 14:57:00,-29448.0-8068.0j
2016-02-06 14:58:00,-28443.0-7793.0j
2016-02-06 14:59:00,-28243.0-7739.0j
2016-02-06 15:00:00,-28033.0-7682.0j
2016-02-06 15:01:00,-27824.0-7625.0j
2016-02-06 15:02:00,-27625.0-7570.0j
2016-02-06 15:03:00,-27217.0-7458.0j
2016-02-06 15:04:00,-25825.0-7076.0j
2016-02-06 15:05:00,-26211.0-7183.0j
2016-02-06 15:06:00,-26272.0-7198.0j
2016-02-06 15:07:00,-25863.0-7087.0j
2016-02-06 15:08:00,-25055.0-6866.0j
2016-02-06 15:09:00,-24257.0-6646.0j
2016-02-06 15:10:00,-24844.0-6807.0j
2016-02-06 15:11:00,-24833.0-6805.0j
2016-02-06 15:12:00,-24424.0-6691.0j
2016-02-06 15:13:00,-23217.0-6361.0j
2016-02-06 15:14:00,-23017.0-6306.0j
2016-02-06 15:15:00,-23406.0-6413.0j
2016-02-06 15:16:00,-22796.0-6246.0j
2016-02-06 15:17:00,-22387.0-6134.0j
2016-02-06 15:18:00,-22828.0-6255.0j
2016-02-06 15:19:00,-22417.0-6143.0j
2016-02-06 15:20:00,-22595.0-6191.0j
2016-02-06 15:21:00,-22385.0-6133.0j
2016-02-06 15:22:00,-21975.0-6021.0j
2016-02-06 15:23:00,-21763.0-5964.0j
2016-02-06 15:24:00,-21342.0-5847.0j
2016-02-06 15:25:00,-20530.0-5626.0j
2016-02-06 15:26:00,-20121.0-5512.0j
2016-02-06 15:27:00,-19300.0-5289.0j
2016-02-06 15:28:00,-18678.0-5118.0j
2016-02-06 15:29:00,-18311.0-5017.0j
2016-02-06 15:30:00,-17689.0-4829.0j
2016-02-06 15:31:00,-17265.0-4713.0j
2016-02-06 15:32:00,-16443.0-4489.0j
2016-02-06 15:33:00,-15220.0-4155.0j
2016-02-06 15:34:00,-14796.0-4039.0j
2016-02-06 15:35:00,-14575.0-3979.0j
2016-02-06 15:36:00,-14352.0-3905.0j
2016-02-06 15:37:00,-15133.0-4116.0j
2016-02-06 15:38:00,-15100.0-4107.0j
2016-02-06 15:39:00,-14678.0-3993.0j
2016-02-06 15:40:00,-14445.0-3914.0j
2016-02-06 15:41:00,-13853.0-3755.0j
2016-02-06 15:42:00,-14020.0-3800.0j
2016-02-06 15:43:00,-13587.0-3669.0j
2016-02-06 15:44:00,-11547.0-3119.0j
2016-02-06 15:45:00,-11113.0-3001.0j
2016-02-06 15:46:00,-10880.0-2926.0j
2016-02-06 15:47:00,-9843.0-2648.0j
2016-02-06 15:48:00,-9598.0-2582.0j
2016-02-06 15:49:00,-8762.0-2349.0j
2016-02-06 15:50:00,-8117.0-2175.0j
2016-02-06 15:51:00,-7883.0-2105.0j
2016-02-06 15:52:00,-8040.0-2147.0j
2016-02-06 15:53:00,-8399.0-2234.0j
2016-02-06 15:54:00,-7972.0-2121.0j
2016-02-06 15:55:00,-7525.0-1993.0j
2016-02-06 15:56:00,-7470.0-1980.0j
2016-02-06 15:57:00,-7025.0-1855.0j
2016-02-06 15:58:00,-6769.0-1780.0j
2016-02-06 15:59:00,-6122.0-1610.0j
2016-02-06 16:00:00,-7073.0-1852.0j
2016-02-06 16:01:00,-7420.0-1937.0j
2016-02-06 16:02:00,-6360.0-1660.0j
2016-02-06 16:03:00,-4294.0-1117.0j
2016-02-06 16:04:00,-3635.0-942.0j
2016-02-06 16:05:00,-4174.0-1076.0j
2016-02-06 16:06:00,-4723.0-1214.0j
2016-02-06 16:07:00,-5676.0-1459.0j
2016-02-06 16:08:00,-3796.0-971.0j
2016-02-06 16:09:00,-5141.0-1310.0j
2016-02-06 16:10:00,-4270.0-1084.0j
2016-02-06 16:11:00,-4001.0-1012.0j
2016-02-06 16:12:00,-3734.0-941.0j
2016-02-06 16:13:00,-2257.0-566.0j
2016-02-06 16:14:00,-2392.0-598.0j
2016-02-06 16:15:00,-2114.0-527.0j
2016-02-06 16:16:00,1178.0+291.0j
2016-02-06 16:17:00,1659.0+410.0j
2016-02-06 16:18:00,928.0+229.0j
2016-02-06 16:19:00,400.0+98.0j
2016-02-06 16:20:00,2281.0+557.0j
2016-02-06 16:21:00,3567.0+867.0j
2016-02-06 16:22:00,5876.0+1421.0j
2016-02-06 16:23:00,6154.0+1483.0j
2016-02-06 16:24:00,5423.0+1302.0j
2016-02-06 16:25:00,6107.0+1460.0j
2016-02-06 16:26:00,4375.0+1041.0j
2016-02-06 16:27:00,4048.0+955.0j
2016-02-06 16:28:00,4933.0+1159.0j
2016-02-06 16:29:00,3796.0+889.0j
2016-02-06 16:30:00,4895.0+1141.0j
2016-02-06 16:31:00,4365.0+1012.0j
2016-02-06 16:32:00,4453.0+1028.0j
2016-02-06 16:33:00,4328.0+996.0j
2016-02-06 16:34:00,4821.0+1099.0j
2016-02-06 16:35:00,4897.0+1111.0j
2016-02-06 16:36:00,5389.0+1218.0j
2016-02-06 16:37:00,6071.0+1365.0j
2016-02-06 16:38:00,6175.0+1384.0j
2016-02-06 16:39:00,6656.0+1477.0j
2016-02-06 16:40:00,6744.0+1490.0j
2016-02-06 16:41:00,7239.0+1593.0j
2016-02-06 16:42:00,7315.0+1603.0j
2016-02-06 16:43:00,9023.0+1958.0j
2016-02-06 16:44:00,9302.0+2009.0j
2016-02-06 16:45:00,9796.0+2107.0j
2016-02-06 16:46:00,9873.0+2113.0j
2016-02-06 16:47:00,10366.0+2208.0j
2016-02-06 16:48:00,9227.0+1948.0j
2016-02-06 16:49:00,9721.0+2041.0j
2016-02-06 16:50:00,10001.0+2090.0j
2016-02-06 16:51:00,11103.0+2309.0j
2016-02-06 16:52:00,11381.0+2344.0j
2016-02-06 16:53:00,12308.0+2523.0j
2016-02-06 16:54:00,13197.0+2692.0j
2016-02-06 16:55:00,12868.0+2612.0j
2016-02-06 16:56:00,14378.0+2904.0j
2016-02-06 16:57:00,14860.0+2987.0j
2016-02-06 16:58:00,16563.0+3296.0j
2016-02-06 16:59:00,16437.0+3254.0j
2016-02-06 17:00:00,18545.0+3653.0j
2016-02-06 17:01:00,22277.0+4366.0j
2016-02-06 17:02:00,24182.0+4715.0j
2016-02-06 17:03:00,26900.0+5217.0j
2016-02-06 17:04:00,28803.0+5531.0j
2016-02-06 17:05:00,29885.0+5709.0j
2016-02-06 17:06:00,29961.0+5692.0j
2016-02-06 17:07:00,30040.0+5678.0j
2016-02-06 17:08:00,30173.0+5672.0j
2016-02-06 17:09:00,30251.0+5657.0j
2016-02-06 17:10:00,30317.0+5639.0j
2016-02-06 17:11:00,30383.0+5621.0j
2016-02-06 17:12:00,30450.0+5602.0j
2016-02-06 17:13:00,30526.0+5587.0j
2016-02-06 17:14:00,30594.0+5568.0j
2016-02-06 17:15:00,30660.0+5550.0j
2016-02-06 17:16:00,30725.0+5531.0j
2016-02-06 17:17:00,30793.0+5512.0j
2016-02-06 17:18:00,30848.0+5491.0j
2016-02-06 17:19:00,30914.0+5471.0j
2016-02-06 17:20:00,30980.0+5451.0j
2016-02-06 17:21:00,31035.0+5431.0j
2016-02-06 17:22:00,31101.0+5412.0j
2016-02-06 17:23:00,31228.0+5403.0j
2016-02-06 17:24:00,31295.0+5382.0j
2016-02-06 17:25:00,31351.0+5360.0j
2016-02-06 17:26:00,31406.0+5338.0j
2016-02-06 17:27:00,31461.0+5348.0j
2016-02-06 17:28:00,31517.0+5326.0j
2016-02-06 17:29:00,31572.0+5303.0j
2016-02-06 17:30:00,31627.0+5282.0j
2016-02-06 17:31:00,31682.0+5259.0j
2016-02-06 17:32:00,31737.0+5268.0j
2016-02-06 17:33:00,31781.0+5244.0j
2016-02-06 17:34:00,31837.0+5222.0j
2016-02-06 17:35:00,31882.0+5196.0j
2016-02-06 17:36:00,31937.0+5205.0j
2016-02-06 17:37:00,31981.0+5181.0j
2016-02-06 17:38:00,32026.0+5156.0j
2016-02-06 17:39:00,32069.0+5163.0j
2016-02-06 17:40:00,32115.0+5139.0j
2016-02-06 17:41:00,32158.0+5113.0j
2016-02-06 17:42:00,32203.0+5120.0j
2016-02-06 17:43:00,32235.0+5093.0j
2016-02-06 17:44:00,32281.0+5101.0j
2016-02-06 17:45:00,32324.0+5075.0j
2016-02-06 17:46:00,32358.0+5048.0j
2016-02-06 17:47:00,32391.0+5052.0j
2016-02-06 17:48:00,32425.0+5026.0j
2016-02-06 17:49:00,32468.0+5034.0j
2016-02-06 17:50:00,32502.0+5006.0j
2016-02-06 17:51:00,32523.0+5008.0j
2016-02-06 17:52:00,32557.0+5014.0j
2016-02-06 17:53:00,32591.0+4986.0j
2016-02-06 17:54:00,32624.0+4992.0j
2016-02-06 17:55:00,32646.0+4962.0j
2016-02-06 17:56:00,32668.0+4965.0j
2016-02-06 17:57:00,32701.0+4971.0j
2016-02-06 17:58:00,32723.0+4973.0j
2016-02-06 17:59:00,32745.0+4945.0j
2016-02-06 18:00:00,32767.0+4948.0j
2016-02-06 18:01:00,32790.0+4951.0j
2016-02-06 18:02:00,32812.0+4955.0j
2016-02-06 18:03:00,32823.0+4924.0j
2016-02-06 18:04:00,32845.0+4927.0j
2016-02-06 18:05:00,32855.0+4927.0j
2016-02-06 18:06:00,32879.0+4932.0j
2016-02-06 18:07:00,32889.0+4933.0j
2016-02-06 18:08:00,32901.0+4935.0j
2016-02-06 18:09:00,32837.0+4925.0j
2016-02-06 18:10:00,32847.0+4927.0j
2016-02-06 18:11:00,32858.0+4896.0j
2016-02-06 18:12:00,32870.0+4897.0j
2016-02-06 18:13:00,32870.0+4897.0j
2016-02-06 18:14:00,32881.0+4900.0j
2016-02-06 18:15:00,32893.0+4901.0j
2016-02-06 18:16:00,32893.0+4901.0j
2016-02-06 18:17:00,32893.0+4901.0j
2016-02-06 18:18:00,32903.0+4935.0j
2016-02-06 18:19:00,32903.0+4935.0j
2016-02-06 18:20:00,32827.0+4925.0j
2016-02-06 18:21:00,32827.0+4925.0j
2016-02-06 18:22:00,32827.0+4925.0j
2016-02-06 18:23:00,32827.0+4925.0j
2016-02-06 18:24:00,32827.0+4925.0j
2016-02-06 18:25:00,32827.0+4925.0j
2016-02-06 18:26:00,32827.0+4925.0j
2016-02-06 18:27:00,32827.0+4925.0j
2016-02-06 18:28:00,32817.0+4923.0j
2016-02-06 18:29:00,32817.0+4923.0j
2016-02-06 18:30:00,32742.0+4945.0j
2016-02-06 18:31:00,32731.0+4942.0j
2016-02-06 18:32:00,32731.0+4942.0j
2016-02-06 18:33:00,32721.0+4940.0j
2016-02-06 18:34:00,32721.0+4940.0j
2016-02-06 18:35:00,32709.0+4939.0j
2016-02-06 18:36:00,32699.0+4938.0j
2016-02-06 18:37:00,32699.0+4938.0j
2016-02-06 18:38:00,32688.0+4968.0j
2016-02-06 18:39:00,32603.0+4955.0j
2016-02-06 18:40:00,32591.0+4954.0j
2016-02-06 18:41:00,32591.0+4954.0j
2016-02-06 18:42:00,32580.0+4952.0j
2016-02-06 18:43:00,32570.0+4951.0j
2016-02-06 18:44:00,32558.0+4949.0j
2016-02-06 18:45:00,32548.0+4947.0j
2016-02-06 18:46:00,32537.0+4946.0j
2016-02-06 18:47:00,32525.0+4945.0j
2016-02-06 18:48:00,32515.0+4941.0j
2016-02-06 18:49:00,32503.0+4940.0j
2016-02-06 18:50:00,32503.0+4940.0j
2016-02-06 18:51:00,32419.0+4927.0j
2016-02-06 18:52:00,32406.0+4925.0j
2016-02-06 18:53:00,32396.0+4925.0j
2016-02-06 18:54:00,32385.0+4923.0j
2016-02-06 18:55:00,32374.0+4920.0j
2016-02-06 18:56:00,32363.0+4919.0j
2016-02-06 18:57:00,32352.0+4917.0j
2016-02-06 18:58:00,32341.0+4917.0j
2016-02-06 18:59:00,32330.0+4914.0j
2016-02-06 19:00:00,32320.0+4913.0j
2016-02-06 19:01:00,32308.0+4912.0j
2016-02-06 19:02:00,32297.0+4909.0j
2016-02-06 19:03:00,32287.0+4907.0j
2016-02-06 19:04:00,32275.0+4873.0j
2016-02-06 19:05:00,32275.0+4873.0j
2016-02-06 19:06:00,32265.0+4872.0j
2016-02-06 19:07:00,32254.0+4870.0j
2016-02-06 19:08:00,32242.0+4869.0j
2016-02-06 19:09:00,32232.0+4835.0j
2016-02-06 19:10:00,32221.0+4834.0j
2016-02-06 19:11:00,32221.0+4834.0j
2016-02-06 19:12:00,32210.0+4831.0j
2016-02-06 19:13:00,32199.0+4797.0j
2016-02-06 19:14:00,32187.0+4796.0j
2016-02-06 19:15:00,32177.0+4794.0j
2016-02-06 19:16:00,32166.0+4794.0j
2016-02-06 19:17:00,32166.0+4761.0j
2016-02-06 19:18:00,32155.0+4759.0j
2016-02-06 19:19:00,32144.0+4758.0j
2016-02-06 19:20:00,32134.0+4724.0j
2016-02-06 19:21:00,32122.0+4722.0j
2016-02-06 19:22:00,32111.0+4720.0j
2016-02-06 19:23:00,32101.0+4718.0j
2016-02-06 19:24:00,32089.0+4718.0j
2016-02-06 19:25:00,32079.0+4683.0j
2016-02-06 19:26:00,32068.0+4683.0j
2016-02-06 19:27:00,32056.0+4680.0j
2016-02-06 19:28:00,32046.0+4679.0j
2016-02-06 19:29:00,32035.0+4645.0j
2016-02-06 19:30:00,32024.0+4643.0j
2016-02-06 19:31:00,32014.0+4642.0j
2016-02-06 19:32:00,32003.0+4640.0j
2016-02-06 19:33:00,32064.0+4650.0j
2016-02-06 19:34:00,32053.0+4648.0j
2016-02-06 19:35:00,32042.0+4646.0j
2016-02-06 19:36:00,32031.0+4645.0j
2016-02-06 19:37:00,32010.0+4642.0j
2016-02-06 19:38:00,31998.0+4640.0j
2016-02-06 19:39:00,31987.0+4638.0j
2016-02-06 19:40:00,31965.0+4635.0j
2016-02-06 19:41:00,31955.0+4634.0j
2016-02-06 19:42:00,31943.0+4631.0j
2016-02-06 19:43:00,31922.0+4629.0j
2016-02-06 19:44:00,31910.0+4628.0j
2016-02-06 19:45:00,31889.0+4624.0j
2016-02-06 19:46:00,31877.0+4622.0j
2016-02-06 19:47:00,31856.0+4650.0j
2016-02-06 19:48:00,31834.0+4648.0j
2016-02-06 19:49:00,31812.0+4645.0j
2016-02-06 19:50:00,31801.0+4642.0j
2016-02-06 19:51:00,31779.0+4672.0j
2016-02-06 19:52:00,31756.0+4669.0j
2016-02-06 19:53:00,31735.0+4697.0j
2016-02-06 19:54:00,31713.0+4693.0j
2016-02-06 19:55:00,31690.0+4722.0j
2016-02-06 19:56:00,31669.0+4718.0j
2016-02-06 19:57:00,31647.0+4748.0j
2016-02-06 19:58:00,31625.0+4775.0j
2016-02-06 19:59:00,31593.0+4770.0j
2016-02-06 20:00:00,31571.0+4799.0j
2016-02-06 20:01:00,31550.0+4827.0j
2016-02-06 20:02:00,31517.0+4854.0j
2016-02-06 20:03:00,31495.0+4882.0j
2016-02-06 20:04:00,31461.0+4876.0j
2016-02-06 20:05:00,31428.0+4903.0j
2016-02-06 20:06:00,31406.0+4930.0j
2016-02-06 20:07:00,31373.0+4958.0j
2016-02-06 20:08:00,31340.0+5015.0j
2016-02-06 20:09:00,31308.0+5041.0j
2016-02-06 20:10:00,31275.0+5066.0j
2016-02-06 20:11:00,31253.0+5093.0j
2016-02-06 20:12:00,31148.0+5109.0j
2016-02-06 20:13:00,31103.0+5164.0j
2016-02-06 20:14:00,31070.0+5189.0j
2016-02-06 20:15:00,31038.0+5215.0j
2016-02-06 20:16:00,31006.0+5240.0j
2016-02-06 20:17:00,30973.0+5296.0j
2016-02-06 20:18:00,30940.0+5323.0j
2016-02-06 20:19:00,30897.0+5376.0j
2016-02-06 20:20:00,30864.0+5401.0j
2016-02-06 20:21:00,30831.0+5426.0j
2016-02-06 20:22:00,30787.0+5479.0j
2016-02-06 20:23:00,30754.0+5504.0j
2016-02-06 20:24:00,30721.0+5560.0j
2016-02-06 20:25:00,30677.0+5582.0j
2016-02-06 20:26:00,30574.0+5626.0j
2016-02-06 20:27:00,30531.0+5648.0j
2016-02-06 20:28:00,30498.0+5703.0j
2016-02-06 20:29:00,30454.0+5725.0j
2016-02-06 20:30:00,30421.0+5780.0j
2016-02-06 20:31:00,30378.0+5802.0j
2016-02-06 20:32:00,30334.0+5855.0j
2016-02-06 20:33:00,30302.0+5878.0j
2016-02-06 20:34:00,30257.0+5931.0j
2016-02-06 20:35:00,30224.0+5955.0j
2016-02-06 20:36:00,30181.0+6006.0j
2016-02-06 20:37:00,30068.0+6044.0j
2016-02-06 20:38:00,30035.0+6067.0j
2016-02-06 20:39:00,29992.0+6119.0j
2016-02-06 20:40:00,29948.0+6140.0j
2016-02-06 20:41:00,29916.0+6163.0j
2016-02-06 20:42:00,29872.0+6213.0j
2016-02-06 20:43:00,29828.0+6235.0j
2016-02-06 20:44:00,29795.0+6287.0j
2016-02-06 20:45:00,29752.0+6309.0j
2016-02-06 20:46:00,29709.0+6358.0j
2016-02-06 20:47:00,29676.0+6380.0j
2016-02-06 20:48:00,29631.0+6401.0j
2016-02-06 20:49:00,29600.0+6453.0j
2016-02-06 20:50:00,29488.0+6457.0j
2016-02-06 20:51:00,29445.0+6477.0j
2016-02-06 20:52:00,29412.0+6500.0j
2016-02-06 20:53:00,29369.0+6550.0j
2016-02-06 20:54:00,29336.0+6572.0j
2016-02-06 20:55:00,29293.0+6591.0j
2016-02-06 20:56:00,29260.0+6613.0j
2016-02-06 20:57:00,29216.0+6632.0j
2016-02-06 20:58:00,29183.0+6654.0j
2016-02-06 20:59:00,29140.0+6674.0j
2016-02-06 21:00:00,29107.0+6695.0j
2016-02-06 21:01:00,29075.0+6717.0j
2016-02-06 21:02:00,29031.0+6735.0j
2016-02-06 21:03:00,28999.0+6757.0j
2016-02-06 21:04:00,28966.0+6750.0j
2016-02-06 21:05:00,28922.0+6767.0j
2016-02-06 21:06:00,28890.0+6790.0j
2016-02-06 21:07:00,28857.0+6782.0j
2016-02-06 21:08:00,28825.0+6802.0j
2016-02-06 21:09:00,28793.0+6823.0j
2016-02-06 21:10:00,28749.0+6813.0j
2016-02-06 21:11:00,28716.0+6834.0j
2016-02-06 21:12:00,28684.0+6827.0j
2016-02-06 21:13:00,28651.0+6847.0j
2016-02-06 21:14:00,28618.0+6840.0j
2016-02-06 21:15:00,28586.0+6861.0j
2016-02-06 21:16:00,28553.0+6853.0j
2016-02-06 21:17:00,28520.0+6845.0j
2016-02-06 21:18:00,28477.0+6863.0j
2016-02-06 21:19:00,28444.0+6855.0j
2016-02-06 21:20:00,28411.0+6847.0j
2016-02-06 21:21:00,28379.0+6840.0j
2016-02-06 21:22:00,28346.0+6861.0j
2016-02-06 21:23:00,28313.0+6853.0j
2016-02-06 21:24:00,28280.0+6844.0j
2016-02-06 21:25:00,28248.0+6835.0j
2016-02-06 21:26:00,28216.0+6828.0j
2016-02-06 21:27:00,28173.0+6846.0j
2016-02-06 21:28:00,28140.0+6839.0j
2016-02-06 21:29:00,28107.0+6830.0j
2016-02-06 21:30:00,28074.0+6822.0j
2016-02-06 21:31:00,28042.0+6814.0j
2016-02-06 21:32:00,27998.0+6805.0j
2016-02-06 21:33:00,28031.0+6812.0j
2016-02-06 21:34:00,27998.0+6804.0j
2016-02-06 21:35:00,27965.0+6795.0j
2016-02-06 21:36:00,27921.0+6785.0j
2016-02-06 21:37:00,27889.0+6777.0j
2016-02-06 21:38:00,27857.0+6769.0j
2016-02-06 21:39:00,27812.0+6758.0j
2016-02-06 21:40:00,27780.0+6750.0j
2016-02-06 21:41:00,27747.0+6743.0j
2016-02-06 21:42:00,27703.0+6732.0j
2016-02-06 21:43:00,27671.0+6724.0j
2016-02-06 21:44:00,27627.0+6714.0j
2016-02-06 21:45:00,27583.0+6702.0j
2016-02-06 21:46:00,27550.0+6695.0j
2016-02-06 21:47:00,27508.0+6684.0j
2016-02-06 21:48:00,27465.0+6674.0j
2016-02-06 21:49:00,27432.0+6666.0j
2016-02-06 21:50:00,27388.0+6655.0j
2016-02-06 21:51:00,27406.0+6660.0j
2016-02-06 21:52:00,27363.0+6649.0j
2016-02-06 21:53:00,27320.0+6639.0j
2016-02-06 21:54:00,27275.0+6628.0j
2016-02-06 21:55:00,27232.0+6618.0j
2016-02-06 21:56:00,27189.0+6607.0j
2016-02-06 21:57:00,27144.0+6597.0j
2016-02-06 21:58:00,27101.0+6586.0j
2016-02-06 21:59:00,27046.0+6573.0j
2016-02-06 22:00:00,27003.0+6561.0j
2016-02-06 22:01:00,26959.0+6551.0j
2016-02-06 22:02:00,26904.0+6538.0j
2016-02-06 22:03:00,26861.0+6527.0j
2016-02-06 22:04:00,26806.0+6514.0j
2016-02-06 22:05:00,26751.0+6528.0j
2016-02-06 22:06:00,26707.0+6517.0j
2016-02-06 22:07:00,26652.0+6503.0j
2016-02-06 22:08:00,26598.0+6490.0j
2016-02-06 22:09:00,26543.0+6477.0j
2016-02-06 22:10:00,26489.0+6463.0j
2016-02-06 22:11:00,26446.0+6480.0j
2016-02-06 22:12:00,26451.0+6480.0j
2016-02-06 22:13:00,26396.0+6467.0j
2016-02-06 22:14:00,26342.0+6454.0j
2016-02-06 22:15:00,26276.0+6464.0j
2016-02-06 22:16:00,26221.0+6450.0j
2016-02-06 22:17:00,26166.0+6436.0j
2016-02-06 22:18:00,26111.0+6423.0j
2016-02-06 22:19:00,26057.0+6436.0j
2016-02-06 22:20:00,25992.0+6420.0j
2016-02-06 22:21:00,25937.0+6407.0j
2016-02-06 22:22:00,25882.0+6393.0j
2016-02-06 22:23:00,25828.0+6405.0j
2016-02-06 22:24:00,25763.0+6388.0j
2016-02-06 22:25:00,25707.0+6375.0j
2016-02-06 22:26:00,25641.0+6385.0j
2016-02-06 22:27:00,25586.0+6371.0j
2016-02-06 22:28:00,25531.0+6357.0j
2016-02-06 22:29:00,25466.0+6366.0j
2016-02-06 22:30:00,25412.0+6353.0j
2016-02-06 22:31:00,25345.0+6336.0j
2016-02-06 22:32:00,25290.0+6347.0j
2016-02-06 22:33:00,25225.0+6331.0j
2016-02-06 22:34:00,25170.0+6318.0j
2016-02-06 22:35:00,25105.0+6325.0j
2016-02-06 22:36:00,25050.0+6312.0j
2016-02-06 22:37:00,24985.0+6296.0j
2016-02-06 22:38:00,24930.0+6308.0j
2016-02-06 22:39:00,24863.0+6290.0j
2016-02-06 22:40:00,24809.0+6276.0j
2016-02-06 22:41:00,24744.0+6285.0j
2016-02-06 22:42:00,24689.0+6270.0j
2016-02-06 22:43:00,24623.0+6255.0j
2016-02-06 22:44:00,24568.0+6265.0j
2016-02-06 22:45:00,24503.0+6248.0j
2016-02-06 22:46:00,24447.0+6235.0j
2016-02-06 22:47:00,24381.0+6242.0j
2016-02-06 22:48:00,24326.0+6228.0j
2016-02-06 22:49:00,24272.0+6213.0j
2016-02-06 22:50:00,24207.0+6198.0j
2016-02-06 22:51:00,24152.0+6208.0j
2016-02-06 22:52:00,24042.0+6179.0j
2016-02-06 22:53:00,23976.0+6162.0j
2016-02-06 22:54:00,23923.0+6172.0j
2016-02-06 22:55:00,23868.0+6157.0j
2016-02-06 22:56:00,23802.0+6141.0j
2016-02-06 22:57:00,23747.0+6126.0j
2016-02-06 22:58:00,23693.0+6137.0j
2016-02-06 22:59:00,23638.0+6122.0j
2016-02-06 23:00:00,23583.0+6109.0j
2016-02-06 23:01:00,23529.0+6094.0j
2016-02-06 23:02:00,23474.0+6080.0j
2016-02-06 23:03:00,23419.0+6089.0j
2016-02-06 23:04:00,23365.0+6075.0j
2016-02-06 23:05:00,23310.0+6061.0j
2016-02-06 23:06:00,23256.0+6047.0j
2016-02-06 23:07:00,23159.0+6021.0j
2016-02-06 23:08:00,23104.0+6007.0j
2016-02-06 23:09:00,23050.0+6015.0j
2016-02-06 23:10:00,22995.0+6001.0j
2016-02-06 23:11:00,22952.0+5991.0j
2016-02-06 23:12:00,22897.0+5977.0j
2016-02-06 23:13:00,22853.0+5966.0j
2016-02-06 23:14:00,22799.0+5950.0j
2016-02-06 23:15:00,22755.0+5939.0j
2016-02-06 23:16:00,22700.0+5925.0j
2016-02-06 23:17:00,22605.0+5900.0j
2016-02-06 23:18:00,22552.0+5885.0j
2016-02-06 23:19:00,22507.0+5898.0j
2016-02-06 23:20:00,22464.0+5885.0j
2016-02-06 23:21:00,22410.0+5871.0j
2016-02-06 23:22:00,22366.0+5860.0j
2016-02-06 23:23:00,22322.0+5849.0j
2016-02-06 23:24:00,22279.0+5837.0j
2016-02-06 23:25:00,22224.0+5822.0j
2016-02-06 23:26:00,22130.0+5799.0j
2016-02-06 23:27:00,22087.0+5787.0j
2016-02-06 23:28:00,22043.0+5776.0j
2016-02-06 23:29:00,22000.0+5765.0j
2016-02-06 23:30:00,21956.0+5753.0j
2016-02-06 23:31:00,21913.0+5741.0j
2016-02-06 23:32:00,21869.0+5730.0j
2016-02-06 23:33:00,21826.0+5719.0j
2016-02-06 23:34:00,21733.0+5694.0j
2016-02-06 23:35:00,21689.0+5683.0j
2016-02-06 23:36:00,21657.0+5675.0j
2016-02-06 23:37:00,21613.0+5662.0j
2016-02-06 23:38:00,21570.0+5650.0j
2016-02-06 23:39:00,21526.0+5640.0j
2016-02-06 23:40:00,21495.0+5631.0j
2016-02-06 23:41:00,21402.0+5607.0j
2016-02-06 23:42:00,21358.0+5595.0j
2016-02-06 23:43:00,21327.0+5588.0j
2016-02-06 23:44:00,21283.0+5576.0j
2016-02-06 23:45:00,21239.0+5565.0j
2016-02-06 23:46:00,21208.0+5557.0j
2016-02-06 23:47:00,21164.0+5545.0j
2016-02-06 23:48:00,21133.0+5537.0j
2016-02-06 23:49:00,21039.0+5512.0j
2016-02-06 23:50:00,21006.0+5504.0j
2016-02-06 23:51:00,20975.0+5517.0j
2016-02-06 23:52:00,20933.0+5504.0j
2016-02-06 23:53:00,20900.0+5496.0j
2016-02-06 23:54:00,20868.0+5489.0j
2016-02-06 23:55:00,20825.0+5477.0j
2016-02-06 23:56:00,20744.0+5456.0j
2016-02-06 23:57:00,20711.0+5447.0j
2016-02-06 23:58:00,20669.0+5436.0j
2016-02-06 23:59:00,20637.0+5427.0j
2016-02-07 00:00:00,20604.0+5419.0j
2016-02-07 00:01:00,20571.0+5411.0j
2016-02-07 00:02:00,20539.0+5401.0j
2016-02-07 00:03:00,20507.0+5393.0j
2016-02-07 00:04:00,20465.0+5381.0j
2016-02-07 00:05:00,20384.0+5360.0j
2016-02-07 00:06:00,20351.0+5373.0j
2016-02-07 00:07:00,20319.0+5365.0j
2016-02-07 00:08:00,20288.0+5356.0j
2016-02-07 00:09:00,20256.0+5347.0j
2016-02-07 00:10:00,20224.0+5338.0j
2016-02-07 00:11:00,20191.0+5330.0j
2016-02-07 00:12:00,20170.0+5325.0j
2016-02-07 00:13:00,20090.0+5303.0j
2016-02-07 00:14:00,20059.0+5316.0j
2016-02-07 00:15:00,20027.0+5307.0j
2016-02-07 00:16:00,19994.0+5298.0j
2016-02-07 00:17:00,19962.0+5290.0j
2016-02-07 00:18:00,19941.0+5284.0j
2016-02-07 00:19:00,19908.0+5276.0j
2016-02-07 00:20:00,19876.0+5268.0j
2016-02-07 00:21:00,19845.0+5278.0j
2016-02-07 00:22:00,19823.0+5272.0j
2016-02-07 00:23:00,19744.0+5251.0j
2016-02-07 00:24:00,19712.0+5244.0j
2016-02-07 00:25:00,19691.0+5237.0j
2016-02-07 00:26:00,19660.0+5229.0j
2016-02-07 00:27:00,19639.0+5243.0j
2016-02-07 00:28:00,19606.0+5235.0j
2016-02-07 00:29:00,19585.0+5229.0j
2016-02-07 00:30:00,19552.0+5221.0j
2016-02-07 00:31:00,19530.0+5215.0j
2016-02-07 00:32:00,19454.0+5194.0j
2016-02-07 00:33:00,19432.0+5207.0j
2016-02-07 00:34:00,19411.0+5202.0j
2016-02-07 00:35:00,19378.0+5194.0j
2016-02-07 00:36:00,19358.0+5188.0j
2016-02-07 00:37:00,19337.0+5182.0j
2016-02-07 00:38:00,19316.0+5177.0j
2016-02-07 00:39:00,19283.0+5188.0j
2016-02-07 00:40:00,19262.0+5181.0j
2016-02-07 00:41:00,19195.0+5164.0j
2016-02-07 00:42:00,19174.0+5158.0j
2016-02-07 00:43:00,19152.0+5152.0j
2016-02-07 00:44:00,19131.0+5167.0j
2016-02-07 00:45:00,19110.0+5159.0j
2016-02-07 00:46:00,19089.0+5154.0j
2016-02-07 00:47:00,19068.0+5148.0j
2016-02-07 00:48:00,19046.0+5141.0j
2016-02-07 00:49:00,18980.0+5125.0j
2016-02-07 00:50:00,18959.0+5138.0j
2016-02-07 00:51:00,18938.0+5132.0j
2016-02-07 00:52:00,18917.0+5126.0j
2016-02-07 00:53:00,18896.0+5121.0j
2016-02-07 00:54:00,18875.0+5114.0j
2016-02-07 00:55:00,18853.0+5109.0j
2016-02-07 00:56:00,18842.0+5106.0j
2016-02-07 00:57:00,18777.0+5106.0j
2016-02-07 00:58:00,18756.0+5102.0j
2016-02-07 00:59:00,18745.0+5099.0j
2016-02-07 01:00:00,18724.0+5093.0j
2016-02-07 01:01:00,18703.0+5086.0j
2016-02-07 01:02:00,18692.0+5084.0j
2016-02-07 01:03:00,18670.0+5079.0j
2016-02-07 01:04:00,18616.0+5083.0j
2016-02-07 01:05:00,18595.0+5077.0j
2016-02-07 01:06:00,18585.0+5073.0j
2016-02-07 01:07:00,18565.0+5069.0j
2016-02-07 01:08:00,18553.0+5065.0j
2016-02-07 01:09:00,18532.0+5058.0j
2016-02-07 01:10:00,18522.0+5056.0j
2016-02-07 01:11:00,18467.0+5041.0j
2016-02-07 01:12:00,18446.0+5036.0j
2016-02-07 01:13:00,18435.0+5034.0j
2016-02-07 01:14:00,18426.0+5049.0j
2016-02-07 01:15:00,18414.0+5045.0j
2016-02-07 01:16:00,18393.0+5040.0j
2016-02-07 01:17:00,18338.0+5025.0j
2016-02-07 01:18:00,18328.0+5023.0j
2016-02-07 01:19:00,18318.0+5019.0j
2016-02-07 01:20:00,18308.0+5016.0j
2016-02-07 01:21:00,18298.0+5014.0j
2016-02-07 01:22:00,18276.0+5008.0j
2016-02-07 01:23:00,18222.0+4993.0j
2016-02-07 01:24:00,18212.0+4990.0j
2016-02-07 01:25:00,18201.0+4987.0j
2016-02-07 01:26:00,18191.0+4985.0j
2016-02-07 01:27:00,18180.0+5001.0j
2016-02-07 01:28:00,18170.0+4996.0j
2016-02-07 01:29:00,18159.0+4993.0j
2016-02-07 01:30:00,18105.0+4980.0j
2016-02-07 01:31:00,18095.0+4975.0j
2016-02-07 01:32:00,18095.0+4975.0j
2016-02-07 01:33:00,18083.0+4973.0j
2016-02-07 01:34:00,18074.0+4970.0j
2016-02-07 01:35:00,18064.0+4968.0j
2016-02-07 01:36:00,18054.0+4965.0j
2016-02-07 01:37:00,18000.0+4950.0j
2016-02-07 01:38:00,17989.0+4947.0j
2016-02-07 01:39:00,17989.0+4947.0j
2016-02-07 01:40:00,17978.0+4945.0j
2016-02-07 01:41:00,17968.0+4941.0j
2016-02-07 01:42:00,17958.0+4938.0j
2016-02-07 01:43:00,17947.0+4935.0j
2016-02-07 01:44:00,17904.0+4925.0j
2016-02-07 01:45:00,17893.0+4920.0j
2016-02-07 01:46:00,17883.0+4918.0j
2016-02-07 01:47:00,17883.0+4918.0j
2016-02-07 01:48:00,17872.0+4933.0j
2016-02-07 01:49:00,17862.0+4930.0j
2016-02-07 01:50:00,17851.0+4927.0j
2016-02-07 01:51:00,17851.0+4927.0j
2016-02-07 01:52:00,17842.0+4925.0j
2016-02-07 01:53:00,17831.0+4922.0j
2016-02-07 01:54:00,17788.0+4909.0j
2016-02-07 01:55:00,17779.0+4906.0j
2016-02-07 01:56:00,17768.0+4904.0j
2016-02-07 01:57:00,17768.0+4904.0j
2016-02-07 01:58:00,17758.0+4901.0j
2016-02-07 01:59:00,17758.0+4901.0j
2016-02-07 02:00:00,17746.0+4897.0j
2016-02-07 02:01:00,17736.0+4895.0j
2016-02-07 02:02:00,17736.0+4895.0j
2016-02-07 02:03:00,17726.0+4892.0j
2016-02-07 02:04:00,17726.0+4892.0j
2016-02-07 02:05:00,17716.0+4890.0j
2016-02-07 02:06:00,17705.0+4886.0j
2016-02-07 02:07:00,17705.0+4886.0j
2016-02-07 02:08:00,17695.0+4884.0j
2016-02-07 02:09:00,17695.0+4884.0j
2016-02-07 02:10:00,17684.0+4882.0j
2016-02-07 02:11:00,17684.0+4882.0j
2016-02-07 02:12:00,17675.0+4896.0j
2016-02-07 02:13:00,17675.0+4896.0j
2016-02-07 02:14:00,17664.0+4892.0j
2016-02-07 02:15:00,17654.0+4890.0j
2016-02-07 02:16:00,17654.0+4890.0j
2016-02-07 02:17:00,17643.0+4886.0j
2016-02-07 02:18:00,17643.0+4886.0j
2016-02-07 02:19:00,17633.0+4884.0j
2016-02-07 02:20:00,17633.0+4884.0j
2016-02-07 02:21:00,17622.0+4882.0j
2016-02-07 02:22:00,17622.0+4882.0j
2016-02-07 02:23:00,17622.0+4882.0j
2016-02-07 02:24:00,17613.0+4879.0j
2016-02-07 02:25:00,17613.0+4879.0j
2016-02-07 02:26:00,17602.0+4876.0j
2016-02-07 02:27:00,17602.0+4876.0j
2016-02-07 02:28:00,17592.0+4872.0j
2016-02-07 02:29:00,17592.0+4872.0j
2016-02-07 02:30:00,17592.0+4872.0j
2016-02-07 02:31:00,17581.0+4870.0j
2016-02-07 02:32:00,17581.0+4886.0j
2016-02-07 02:33:00,17570.0+4884.0j
2016-02-07 02:34:00,17570.0+4884.0j
2016-02-07 02:35:00,17570.0+4884.0j
2016-02-07 02:36:00,17560.0+4882.0j
2016-02-07 02:37:00,17560.0+4882.0j
2016-02-07 02:38:00,17560.0+4882.0j
2016-02-07 02:39:00,17550.0+4879.0j
2016-02-07 02:40:00,17550.0+4879.0j
2016-02-07 02:41:00,17550.0+4879.0j
2016-02-07 02:42:00,17550.0+4879.0j
2016-02-07 02:43:00,17539.0+4876.0j
2016-02-07 02:44:00,17539.0+4876.0j
2016-02-07 02:45:00,17539.0+4876.0j
2016-02-07 02:46:00,17539.0+4876.0j
2016-02-07 02:47:00,17529.0+4872.0j
2016-02-07 02:48:00,17529.0+4872.0j
2016-02-07 02:49:00,17529.0+4872.0j
2016-02-07 02:50:00,17529.0+4872.0j
2016-02-07 02:51:00,17529.0+4890.0j
2016-02-07 02:52:00,17529.0+4890.0j
2016-02-07 02:53:00,17518.0+4887.0j
2016-02-07 02:54:00,17518.0+4887.0j
2016-02-07 02:55:00,17518.0+4887.0j
2016-02-07 02:56:00,17518.0+4887.0j
2016-02-07 02:57:00,17518.0+4887.0j
2016-02-07 02:58:00,17518.0+4887.0j
2016-02-07 02:59:00,17518.0+4887.0j
2016-02-07 03:00:00,17518.0+4887.0j
2016-02-07 03:01:00,17518.0+4887.0j
2016-02-07 03:02:00,17518.0+4887.0j
2016-02-07 03:03:00,17518.0+4887.0j
2016-02-07 03:04:00,17518.0+4887.0j
2016-02-07 03:05:00,17518.0+4887.0j
2016-02-07 03:06:00,17518.0+4887.0j
2016-02-07 03:07:00,17518.0+4887.0j
2016-02-07 03:08:00,17518.0+4887.0j
2016-02-07 03:09:00,17518.0+4887.0j
2016-02-07 03:10:00,17518.0+4905.0j
2016-02-07 03:11:00,17529.0+4907.0j
2016-02-07 03:12:00,17529.0+4907.0j
2016-02-07 03:13:00,17529.0+4907.0j
2016-02-07 03:14:00,17529.0+4907.0j
2016-02-07 03:15:00,17529.0+4907.0j
2016-02-07 03:16:00,17486.0+4897.0j
2016-02-07 03:17:00,17496.0+4900.0j
2016-02-07 03:18:00,17496.0+4900.0j
2016-02-07 03:19:00,17496.0+4900.0j
2016-02-07 03:20:00,17496.0+4900.0j
2016-02-07 03:21:00,17496.0+4900.0j
2016-02-07 03:22:00,17506.0+4903.0j
2016-02-07 03:23:00,17506.0+4903.0j
2016-02-07 03:24:00,17506.0+4903.0j
2016-02-07 03:25:00,17506.0+4903.0j
2016-02-07 03:26:00,17518.0+4905.0j
2016-02-07 03:27:00,17518.0+4905.0j
2016-02-07 03:28:00,17518.0+4905.0j
2016-02-07 03:29:00,17518.0+4905.0j
2016-02-07 03:30:00,17528.0+4925.0j
2016-02-07 03:31:00,17528.0+4925.0j
2016-02-07 03:32:00,17528.0+4925.0j
2016-02-07 03:33:00,17528.0+4925.0j
2016-02-07 03:34:00,17539.0+4927.0j
2016-02-07 03:35:00,17539.0+4927.0j
2016-02-07 03:36:00,17496.0+4917.0j
2016-02-07 03:37:00,17506.0+4919.0j
2016-02-07 03:38:00,17506.0+4919.0j
2016-02-07 03:39:00,17506.0+4919.0j
2016-02-07 03:40:00,17517.0+4923.0j
2016-02-07 03:41:00,17517.0+4923.0j
2016-02-07 03:42:00,17517.0+4923.0j
2016-02-07 03:43:00,17526.0+4925.0j
2016-02-07 03:44:00,17526.0+4925.0j
2016-02-07 03:45:00,17526.0+4925.0j
2016-02-07 03:46:00,17537.0+4927.0j
2016-02-07 03:47:00,17537.0+4927.0j
2016-02-07 03:48:00,17537.0+4927.0j
2016-02-07 03:49:00,17547.0+4930.0j
2016-02-07 03:50:00,17547.0+4948.0j
2016-02-07 03:51:00,17547.0+4948.0j
2016-02-07 03:52:00,17558.0+4952.0j
2016-02-07 03:53:00,17558.0+4952.0j
2016-02-07 03:54:00,17558.0+4952.0j
2016-02-07 03:55:00,17558.0+4952.0j
2016-02-07 03:56:00,17569.0+4954.0j
2016-02-07 03:57:00,17569.0+4954.0j
2016-02-07 03:58:00,17569.0+4954.0j
2016-02-07 03:59:00,17579.0+4958.0j
2016-02-07 04:00:00,17579.0+4958.0j
2016-02-07 04:01:00,17579.0+4958.0j
2016-02-07 04:02:00,17589.0+4960.0j
2016-02-07 04:03:00,17589.0+4960.0j
2016-02-07 04:04:00,17589.0+4960.0j
2016-02-07 04:05:00,17589.0+4960.0j
2016-02-07 04:06:00,17600.0+4962.0j
2016-02-07 04:07:00,17600.0+4962.0j
2016-02-07 04:08:00,17600.0+4962.0j
2016-02-07 04:09:00,17610.0+4966.0j
2016-02-07 04:10:00,17610.0+4966.0j
2016-02-07 04:11:00,17610.0+4966.0j
2016-02-07 04:12:00,17610.0+4983.0j
2016-02-07 04:13:00,17662.0+4998.0j
2016-02-07 04:14:00,17662.0+4998.0j
2016-02-07 04:15:00,17662.0+4998.0j
2016-02-07 04:16:00,17662.0+4998.0j
2016-02-07 04:17:00,17672.0+5001.0j
2016-02-07 04:18:00,17672.0+5001.0j
2016-02-07 04:19:00,17672.0+5001.0j
2016-02-07 04:20:00,17683.0+5004.0j
2016-02-07 04:21:00,17683.0+5004.0j
2016-02-07 04:22:00,17683.0+5004.0j
2016-02-07 04:23:00,17683.0+5004.0j
2016-02-07 04:24:00,17693.0+5007.0j
2016-02-07 04:25:00,17693.0+5007.0j
2016-02-07 04:26:00,17736.0+5020.0j
2016-02-07 04:27:00,17746.0+5023.0j
2016-02-07 04:28:00,17746.0+5023.0j
2016-02-07 04:29:00,17746.0+5023.0j
2016-02-07 04:30:00,17758.0+5025.0j
2016-02-07 04:31:00,17758.0+5025.0j
2016-02-07 04:32:00,17758.0+5025.0j
2016-02-07 04:33:00,17768.0+5028.0j
2016-02-07 04:34:00,17768.0+5028.0j
2016-02-07 04:35:00,17811.0+5041.0j
2016-02-07 04:36:00,17821.0+5044.0j
2016-02-07 04:37:00,17821.0+5044.0j
2016-02-07 04:38:00,17831.0+5047.0j
2016-02-07 04:39:00,17831.0+5047.0j
2016-02-07 04:40:00,17842.0+5049.0j
2016-02-07 04:41:00,17842.0+5049.0j
2016-02-07 04:42:00,17842.0+5049.0j
2016-02-07 04:43:00,17895.0+5063.0j
2016-02-07 04:44:00,17895.0+5063.0j
2016-02-07 04:45:00,17905.0+5068.0j
2016-02-07 04:46:00,17905.0+5068.0j
2016-02-07 04:47:00,17916.0+5071.0j
2016-02-07 04:48:00,17916.0+5071.0j
2016-02-07 04:49:00,17926.0+5073.0j
2016-02-07 04:50:00,17980.0+5089.0j
2016-02-07 04:51:00,17980.0+5089.0j
2016-02-07 04:52:00,17990.0+5091.0j
2016-02-07 04:53:00,17990.0+5091.0j
2016-02-07 04:54:00,18001.0+5093.0j
2016-02-07 04:55:00,18011.0+5096.0j
2016-02-07 04:56:00,18011.0+5096.0j
2016-02-07 04:57:00,18065.0+5112.0j
2016-02-07 04:58:00,18076.0+5116.0j
2016-02-07 04:59:00,18076.0+5116.0j
2016-02-07 05:00:00,18086.0+5118.0j
2016-02-07 05:01:00,18097.0+5121.0j
2016-02-07 05:02:00,18106.0+5124.0j
2016-02-07 05:03:00,18106.0+5124.0j
2016-02-07 05:04:00,18160.0+5139.0j
2016-02-07 05:05:00,18171.0+5141.0j
2016-02-07 05:06:00,18181.0+5146.0j
2016-02-07 05:07:00,18192.0+5148.0j
2016-02-07 05:08:00,18192.0+5148.0j
2016-02-07 05:09:00,18202.0+5151.0j
2016-02-07 05:10:00,18257.0+5148.0j
2016-02-07 05:11:00,18268.0+5151.0j
2016-02-07 05:12:00,18277.0+5154.0j
2016-02-07 05:13:00,18288.0+5158.0j
2016-02-07 05:14:00,18298.0+5160.0j
2016-02-07 05:15:00,18310.0+5163.0j
2016-02-07 05:16:00,18320.0+5167.0j
2016-02-07 05:17:00,18374.0+5181.0j
2016-02-07 05:18:00,18385.0+5185.0j
2016-02-07 05:19:00,18395.0+5188.0j
2016-02-07 05:20:00,18405.0+5190.0j
2016-02-07 05:21:00,18415.0+5194.0j
2016-02-07 05:22:00,18426.0+5196.0j
2016-02-07 05:23:00,18436.0+5181.0j
2016-02-07 05:24:00,18491.0+5196.0j
2016-02-07 05:25:00,18502.0+5200.0j
2016-02-07 05:26:00,18524.0+5205.0j
2016-02-07 05:27:00,18534.0+5207.0j
2016-02-07 05:28:00,18545.0+5211.0j
2016-02-07 05:29:00,18554.0+5214.0j
2016-02-07 05:30:00,18565.0+5216.0j
2016-02-07 05:31:00,18620.0+5233.0j
2016-02-07 05:32:00,18630.0+5235.0j
2016-02-07 05:33:00,18653.0+5223.0j
2016-02-07 05:34:00,18663.0+5226.0j
2016-02-07 05:35:00,18674.0+5229.0j
2016-02-07 05:36:00,18684.0+5232.0j
2016-02-07 05:37:00,18695.0+5235.0j
2016-02-07 05:38:00,18715.0+5240.0j
2016-02-07 05:39:00,18725.0+5243.0j
2016-02-07 05:40:00,18781.0+5259.0j
2016-02-07 05:41:00,18791.0+5262.0j
2016-02-07 05:42:00,18801.0+5245.0j
2016-02-07 05:43:00,18823.0+5251.0j
2016-02-07 05:44:00,18834.0+5255.0j
2016-02-07 05:45:00,18845.0+5257.0j
2016-02-07 05:46:00,18855.0+5261.0j
2016-02-07 05:47:00,18877.0+5267.0j
2016-02-07 05:48:00,18888.0+5270.0j
2016-02-07 05:49:00,18898.0+5254.0j
2016-02-07 05:50:00,18908.0+5257.0j
2016-02-07 05:51:00,18975.0+5275.0j
2016-02-07 05:52:00,18986.0+5278.0j
2016-02-07 05:53:00,18995.0+5281.0j
2016-02-07 05:54:00,19006.0+5283.0j
2016-02-07 05:55:00,19028.0+5290.0j
2016-02-07 05:56:00,19039.0+5292.0j
2016-02-07 05:57:00,19049.0+5277.0j
2016-02-07 05:58:00,19060.0+5279.0j
2016-02-07 05:59:00,19081.0+5285.0j
2016-02-07 06:00:00,19091.0+5289.0j
2016-02-07 06:01:00,19102.0+5291.0j
2016-02-07 06:02:00,19123.0+5297.0j
2016-02-07 06:03:00,19134.0+5300.0j
2016-02-07 06:04:00,19144.0+5284.0j
2016-02-07 06:05:00,19155.0+5287.0j
2016-02-07 06:06:00,19177.0+5292.0j
2016-02-07 06:07:00,19187.0+5295.0j
2016-02-07 06:08:00,19198.0+5299.0j
2016-02-07 06:09:00,19208.0+5303.0j
2016-02-07 06:10:00,19230.0+5307.0j
2016-02-07 06:11:00,19241.0+5291.0j
2016-02-07 06:12:00,19251.0+5294.0j
2016-02-07 06:13:00,19262.0+5297.0j
2016-02-07 06:14:00,19283.0+5303.0j
2016-02-07 06:15:00,19294.0+5305.0j
2016-02-07 06:16:00,19304.0+5308.0j
2016-02-07 06:17:00,19326.0+5314.0j
2016-02-07 06:18:00,19337.0+5298.0j
2016-02-07 06:19:00,19346.0+5301.0j
2016-02-07 06:20:00,19358.0+5303.0j
2016-02-07 06:21:00,19378.0+5311.0j
2016-02-07 06:22:00,19389.0+5313.0j
2016-02-07 06:23:00,19411.0+5318.0j
2016-02-07 06:24:00,19421.0+5303.0j
2016-02-07 06:25:00,19432.0+5305.0j
2016-02-07 06:26:00,19454.0+5311.0j
2016-02-07 06:27:00,19464.0+5313.0j
2016-02-07 06:28:00,19440.0+5307.0j
2016-02-07 06:29:00,19450.0+5311.0j
2016-02-07 06:30:00,19462.0+5293.0j
2016-02-07 06:31:00,19482.0+5300.0j
2016-02-07 06:32:00,19493.0+5303.0j
2016-02-07 06:33:00,19515.0+5307.0j
2016-02-07 06:34:00,19525.0+5311.0j
2016-02-07 06:35:00,19545.0+5316.0j
2016-02-07 06:36:00,19567.0+5303.0j
2016-02-07 06:37:00,19578.0+5305.0j
2016-02-07 06:38:00,19598.0+5311.0j
2016-02-07 06:39:00,19610.0+5314.0j
2016-02-07 06:40:00,19631.0+5320.0j
2016-02-07 06:41:00,19652.0+5325.0j
2016-02-07 06:42:00,19663.0+5309.0j
2016-02-07 06:43:00,19684.0+5314.0j
2016-02-07 06:44:00,19704.0+5321.0j
2016-02-07 06:45:00,19716.0+5324.0j
2016-02-07 06:46:00,19737.0+5329.0j
2016-02-07 06:47:00,19711.0+5323.0j
2016-02-07 06:48:00,19732.0+5308.0j
2016-02-07 06:49:00,19754.0+5313.0j
2016-02-07 06:50:00,19775.0+5319.0j
2016-02-07 06:51:00,19797.0+5325.0j
2016-02-07 06:52:00,19807.0+5327.0j
2016-02-07 06:53:00,19828.0+5313.0j
2016-02-07 06:54:00,19849.0+5319.0j
2016-02-07 06:55:00,19870.0+5325.0j
2016-02-07 06:56:00,19893.0+5331.0j
2016-02-07 06:57:00,19924.0+5340.0j
2016-02-07 06:58:00,19945.0+5325.0j
2016-02-07 06:59:00,19965.0+5331.0j
2016-02-07 07:00:00,19986.0+5336.0j
2016-02-07 07:01:00,20008.0+5343.0j
2016-02-07 07:02:00,20030.0+5348.0j
2016-02-07 07:03:00,20061.0+5336.0j
2016-02-07 07:04:00,20082.0+5341.0j
2016-02-07 07:05:00,20104.0+5348.0j
2016-02-07 07:06:00,20136.0+5356.0j
2016-02-07 07:07:00,20157.0+5361.0j
2016-02-07 07:08:00,20188.0+5350.0j
2016-02-07 07:09:00,20210.0+5355.0j
2016-02-07 07:10:00,19645.0+5206.0j
2016-02-07 07:11:00,19873.0+5266.0j
2016-02-07 07:12:00,19894.0+5272.0j
2016-02-07 07:13:00,19925.0+5260.0j
2016-02-07 07:14:00,19556.0+5162.0j
2016-02-07 07:15:00,19587.0+5172.0j
2016-02-07 07:16:00,19414.0+5126.0j
2016-02-07 07:17:00,19445.0+5134.0j
2016-02-07 07:18:00,19477.0+5123.0j
2016-02-07 07:19:00,19304.0+5077.0j
2016-02-07 07:20:00,19335.0+5085.0j
2016-02-07 07:21:00,19161.0+5039.0j
2016-02-07 07:22:00,19193.0+5048.0j
2016-02-07 07:23:00,19019.0+4982.0j
2016-02-07 07:24:00,19051.0+4991.0j
2016-02-07 07:25:00,18888.0+4948.0j
2016-02-07 07:26:00,18908.0+4954.0j
2016-02-07 07:27:00,18745.0+4912.0j
2016-02-07 07:28:00,18766.0+4897.0j
2016-02-07 07:29:00,18602.0+4856.0j
2016-02-07 07:30:00,18635.0+4864.0j
2016-02-07 07:31:00,18504.0+4829.0j
2016-02-07 07:32:00,18536.0+4838.0j
2016-02-07 07:33:00,18360.0+4792.0j
2016-02-07 07:34:00,18589.0+4851.0j
2016-02-07 07:35:00,18414.0+4788.0j
2016-02-07 07:36:00,18447.0+4796.0j
2016-02-07 07:37:00,18271.0+4751.0j
2016-02-07 07:38:00,18304.0+4759.0j
2016-02-07 07:39:00,18130.0+4713.0j
2016-02-07 07:40:00,18151.0+4718.0j
2016-02-07 07:41:00,18182.0+4728.0j
2016-02-07 07:42:00,18008.0+4683.0j
2016-02-07 07:43:00,18040.0+4672.0j
2016-02-07 07:44:00,17866.0+4628.0j
2016-02-07 07:45:00,17887.0+4632.0j
2016-02-07 07:46:00,17517.0+4537.0j
2016-02-07 07:47:00,17939.0+4647.0j
2016-02-07 07:48:00,17961.0+4652.0j
2016-02-07 07:49:00,17787.0+4607.0j
2016-02-07 07:50:00,18200.0+4713.0j
2016-02-07 07:51:00,18068.0+4680.0j
2016-02-07 07:52:00,18089.0+4685.0j
2016-02-07 07:53:00,18111.0+4691.0j
2016-02-07 07:54:00,18132.0+4696.0j
2016-02-07 07:55:00,18154.0+4701.0j
2016-02-07 07:56:00,17978.0+4656.0j
2016-02-07 07:57:00,18000.0+4662.0j
2016-02-07 07:58:00,18021.0+4668.0j
2016-02-07 07:59:00,17835.0+4620.0j
2016-02-07 08:00:00,17857.0+4625.0j
2016-02-07 08:01:00,17877.0+4630.0j
2016-02-07 08:02:00,17889.0+4633.0j
2016-02-07 08:03:00,17713.0+4587.0j
2016-02-07 08:04:00,17724.0+4590.0j
2016-02-07 08:05:00,17549.0+4545.0j
2016-02-07 08:06:00,17559.0+4548.0j
2016-02-07 08:07:00,17571.0+4569.0j
2016-02-07 08:08:00,17592.0+4574.0j
2016-02-07 08:09:00,17406.0+4526.0j
2016-02-07 08:10:00,17221.0+4478.0j
2016-02-07 08:11:00,17272.0+4491.0j
2016-02-07 08:12:00,17293.0+4496.0j
2016-02-07 08:13:00,17107.0+4449.0j
2016-02-07 08:14:00,17118.0+4451.0j
2016-02-07 08:15:00,16932.0+4419.0j
2016-02-07 08:16:00,16942.0+4422.0j
2016-02-07 08:17:00,16953.0+4425.0j
2016-02-07 08:18:00,16964.0+4428.0j
2016-02-07 08:19:00,15796.0+4122.0j
2016-02-07 08:20:00,14823.0+3869.0j
2016-02-07 08:21:00,13447.0+3523.0j
2016-02-07 08:22:00,13457.0+3526.0j
2016-02-07 08:23:00,12289.0+3219.0j
2016-02-07 08:24:00,12496.0+3274.0j
2016-02-07 08:25:00,11130.0+2915.0j
2016-02-07 08:26:00,11720.0+3070.0j
2016-02-07 08:27:00,11926.0+3137.0j
2016-02-07 08:28:00,12529.0+3295.0j
2016-02-07 08:29:00,13904.0+3657.0j
2016-02-07 08:30:00,14898.0+3919.0j
2016-02-07 08:31:00,15301.0+4024.0j
2016-02-07 08:32:00,15301.0+4040.0j
2016-02-07 08:33:00,14363.0+3790.0j
2016-02-07 08:34:00,14954.0+3948.0j
2016-02-07 08:35:00,14570.0+3846.0j
2016-02-07 08:36:00,14384.0+3797.0j
2016-02-07 08:37:00,14581.0+3850.0j
2016-02-07 08:38:00,14001.0+3710.0j
2016-02-07 08:39:00,13804.0+3657.0j
2016-02-07 08:40:00,13814.0+3661.0j
2016-02-07 08:41:00,13618.0+3609.0j
2016-02-07 08:42:00,13628.0+3611.0j
2016-02-07 08:43:00,14416.0+3821.0j
2016-02-07 08:44:00,13836.0+3679.0j
2016-02-07 08:45:00,13638.0+3628.0j
2016-02-07 08:46:00,13649.0+3631.0j
2016-02-07 08:47:00,14043.0+3735.0j
2016-02-07 08:48:00,14252.0+3790.0j
2016-02-07 08:49:00,14656.0+3899.0j
2016-02-07 08:50:00,15051.0+4003.0j
2016-02-07 08:51:00,14865.0+3954.0j
2016-02-07 08:52:00,14701.0+3925.0j
2016-02-07 08:53:00,15106.0+4033.0j
2016-02-07 08:54:00,15106.0+4033.0j
2016-02-07 08:55:00,15116.0+4037.0j
2016-02-07 08:56:00,15116.0+4037.0j
2016-02-07 08:57:00,15128.0+4039.0j
2016-02-07 08:58:00,14942.0+3989.0j
2016-02-07 08:59:00,14942.0+3989.0j
2016-02-07 09:00:00,14953.0+3993.0j
2016-02-07 09:01:00,14963.0+3995.0j
2016-02-07 09:02:00,14963.0+3995.0j
2016-02-07 09:03:00,14777.0+3945.0j
2016-02-07 09:04:00,13799.0+3685.0j
2016-02-07 09:05:00,14007.0+3740.0j
2016-02-07 09:06:00,13218.0+3529.0j
2016-02-07 09:07:00,12635.0+3375.0j
2016-02-07 09:08:00,13863.0+3701.0j
2016-02-07 09:09:00,13675.0+3652.0j
2016-02-07 09:10:00,11894.0+3176.0j
2016-02-07 09:11:00,11905.0+3178.0j
2016-02-07 09:12:00,11916.0+3181.0j
2016-02-07 09:13:00,11926.0+3174.0j
2016-02-07 09:14:00,10552.0+2807.0j
2016-02-07 09:15:00,10552.0+2807.0j
2016-02-07 09:16:00,10562.0+2810.0j
2016-02-07 09:17:00,10375.0+2760.0j
2016-02-07 09:18:00,10386.0+2763.0j
2016-02-07 09:19:00,8417.0+2238.0j
2016-02-07 09:20:00,8248.0+2195.0j
2016-02-07 09:21:00,6662.0+1772.0j
2016-02-07 09:22:00,7068.0+1873.0j
2016-02-07 09:23:00,6485.0+1718.0j
2016-02-07 09:24:00,5702.0+1510.0j
2016-02-07 09:25:00,6704.0+1776.0j
2016-02-07 09:26:00,7111.0+1885.0j
2016-02-07 09:27:00,7707.0+2041.0j
2016-02-07 09:28:00,8115.0+2150.0j
2016-02-07 09:29:00,8343.0+2211.0j
2016-02-07 09:30:00,9348.0+2468.0j
2016-02-07 09:31:00,9746.0+2573.0j
2016-02-07 09:32:00,10354.0+2734.0j
2016-02-07 09:33:00,10961.0+2893.0j
2016-02-07 09:34:00,11768.0+3108.0j
2016-02-07 09:35:00,12166.0+3211.0j
2016-02-07 09:36:00,12177.0+3215.0j
2016-02-07 09:37:00,11989.0+3165.0j
2016-02-07 09:38:00,12027.0+3176.0j
2016-02-07 09:39:00,12426.0+3268.0j
2016-02-07 09:40:00,12037.0+3166.0j
2016-02-07 09:41:00,11839.0+3113.0j
2016-02-07 09:42:00,11850.0+3116.0j
2016-02-07 09:43:00,11661.0+3067.0j
2016-02-07 09:44:00,10664.0+2804.0j
2016-02-07 09:45:00,10699.0+2814.0j
2016-02-07 09:46:00,10699.0+2814.0j
2016-02-07 09:47:00,10510.0+2765.0j
2016-02-07 09:48:00,10510.0+2765.0j
2016-02-07 09:49:00,10510.0+2765.0j
2016-02-07 09:50:00,10321.0+2714.0j
2016-02-07 09:51:00,10121.0+2661.0j
2016-02-07 09:52:00,10156.0+2671.0j
2016-02-07 09:53:00,10156.0+2671.0j
2016-02-07 09:54:00,9955.0+2619.0j
2016-02-07 09:55:00,10356.0+2724.0j
2016-02-07 09:56:00,10768.0+2832.0j
2016-02-07 09:57:00,11168.0+2936.0j
2016-02-07 09:58:00,11195.0+2944.0j
2016-02-07 09:59:00,11394.0+2997.0j
2016-02-07 10:00:00,11796.0+3102.0j
2016-02-07 10:01:00,11796.0+3102.0j
2016-02-07 10:02:00,11796.0+3102.0j
2016-02-07 10:03:00,12025.0+3163.0j
2016-02-07 10:04:00,12226.0+3215.0j
2016-02-07 10:05:00,12226.0+3229.0j
2016-02-07 10:06:00,12226.0+3229.0j
2016-02-07 10:07:00,12416.0+3278.0j
2016-02-07 10:08:00,12243.0+3232.0j
2016-02-07 10:09:00,12042.0+3178.0j
2016-02-07 10:10:00,12042.0+3178.0j
2016-02-07 10:11:00,12030.0+3188.0j
2016-02-07 10:12:00,11223.0+2975.0j
2016-02-07 10:13:00,11250.0+2981.0j
2016-02-07 10:14:00,11037.0+2925.0j
2016-02-07 10:15:00,10835.0+2881.0j
2016-02-07 10:16:00,10823.0+2879.0j
2016-02-07 10:17:00,10823.0+2879.0j
2016-02-07 10:18:00,10848.0+2886.0j
2016-02-07 10:19:00,10230.0+2722.0j
2016-02-07 10:20:00,10230.0+2731.0j
2016-02-07 10:21:00,11029.0+2944.0j
2016-02-07 10:22:00,11029.0+2944.0j
2016-02-07 10:23:00,10839.0+2905.0j
2016-02-07 10:24:00,10839.0+2905.0j
2016-02-07 10:25:00,10625.0+2847.0j
2016-02-07 10:26:00,10208.0+2736.0j
2016-02-07 10:27:00,10005.0+2692.0j
2016-02-07 10:28:00,10017.0+2694.0j
2016-02-07 10:29:00,10221.0+2749.0j
2016-02-07 10:30:00,9396.0+2537.0j
2016-02-07 10:31:00,9191.0+2482.0j
2016-02-07 10:32:00,9588.0+2589.0j
2016-02-07 10:33:00,9374.0+2531.0j
2016-02-07 10:34:00,8988.0+2436.0j
2016-02-07 10:35:00,9180.0+2488.0j
2016-02-07 10:36:00,8976.0+2432.0j
2016-02-07 10:37:00,8965.0+2438.0j
2016-02-07 10:38:00,8965.0+2438.0j
2016-02-07 10:39:00,9157.0+2491.0j
2016-02-07 10:40:00,9382.0+2552.0j
2016-02-07 10:41:00,9370.0+2558.0j
2016-02-07 10:42:00,9781.0+2670.0j
2016-02-07 10:43:00,9974.0+2722.0j
2016-02-07 10:44:00,10792.0+2956.0j
2016-02-07 10:45:00,11190.0+3065.0j
2016-02-07 10:46:00,10985.0+3010.0j
2016-02-07 10:47:00,10156.0+2782.0j
2016-02-07 10:48:00,10565.0+2905.0j
2016-02-07 10:49:00,10577.0+2909.0j
2016-02-07 10:50:00,10577.0+2909.0j
2016-02-07 10:51:00,8937.0+2458.0j
2016-02-07 10:52:00,9337.0+2577.0j
2016-02-07 10:53:00,9337.0+2577.0j
2016-02-07 10:54:00,9542.0+2633.0j
2016-02-07 10:55:00,9746.0+2689.0j
2016-02-07 10:56:00,10145.0+2800.0j
2016-02-07 10:57:00,10145.0+2810.0j
2016-02-07 10:58:00,10555.0+2923.0j
2016-02-07 10:59:00,10350.0+2867.0j
2016-02-07 11:00:00,10555.0+2923.0j
2016-02-07 11:01:00,10555.0+2923.0j
2016-02-07 11:02:00,10555.0+2923.0j
2016-02-07 11:03:00,10965.0+3037.0j
2016-02-07 11:04:00,10350.0+2867.0j
2016-02-07 11:05:00,10350.0+2878.0j
2016-02-07 11:06:00,10555.0+2934.0j
2016-02-07 11:07:00,10760.0+2991.0j
2016-02-07 11:08:00,10361.0+2880.0j
2016-02-07 11:09:00,10566.0+2937.0j
2016-02-07 11:10:00,10361.0+2880.0j
2016-02-07 11:11:00,9929.0+2760.0j
2016-02-07 11:12:00,10349.0+2878.0j
2016-02-07 11:13:00,10349.0+2878.0j
2016-02-07 11:14:00,10349.0+2878.0j
2016-02-07 11:15:00,10156.0+2823.0j
2016-02-07 11:16:00,9952.0+2767.0j
2016-02-07 11:17:00,9554.0+2657.0j
2016-02-07 11:18:00,9963.0+2769.0j
2016-02-07 11:19:00,9349.0+2599.0j
2016-02-07 11:20:00,8727.0+2426.0j
2016-02-07 11:21:00,9135.0+2540.0j
2016-02-07 11:22:00,8737.0+2429.0j
2016-02-07 11:23:00,9146.0+2543.0j
2016-02-07 11:24:00,9157.0+2546.0j
2016-02-07 11:25:00,9157.0+2546.0j
2016-02-07 11:26:00,8761.0+2436.0j
2016-02-07 11:27:00,7937.0+2206.0j
2016-02-07 11:28:00,7735.0+2143.0j
2016-02-07 11:29:00,7541.0+2089.0j
2016-02-07 11:30:00,7338.0+2032.0j
2016-02-07 11:31:00,6942.0+1923.0j
2016-02-07 11:32:00,7141.0+1978.0j
2016-02-07 11:33:00,7546.0+2090.0j
2016-02-07 11:34:00,6949.0+1925.0j
2016-02-07 11:35:00,6949.0+1925.0j
2016-02-07 11:36:00,7365.0+2040.0j
2016-02-07 11:37:00,7563.0+2094.0j
2016-02-07 11:38:00,7563.0+2094.0j
2016-02-07 11:39:00,7979.0+2203.0j
2016-02-07 11:40:00,7787.0+2149.0j
2016-02-07 11:41:00,7584.0+2094.0j
2016-02-07 11:42:00,7780.0+2148.0j
2016-02-07 11:43:00,8196.0+2261.0j
2016-02-07 11:44:00,8196.0+2261.0j
2016-02-07 11:45:00,8206.0+2266.0j
2016-02-07 11:46:00,8611.0+2377.0j
2016-02-07 11:47:00,8199.0+2255.0j
2016-02-07 11:48:00,8210.0+2258.0j
2016-02-07 11:49:00,7403.0+2037.0j
2016-02-07 11:50:00,7616.0+2094.0j
2016-02-07 11:51:00,7616.0+2094.0j
2016-02-07 11:52:00,7609.0+2092.0j
2016-02-07 11:53:00,7619.0+2095.0j
2016-02-07 11:54:00,8023.0+2205.0j
2016-02-07 11:55:00,8033.0+2210.0j
2016-02-07 11:56:00,8234.0+2257.0j
2016-02-07 11:57:00,8045.0+2205.0j
2016-02-07 11:58:00,7826.0+2144.0j
2016-02-07 11:59:00,7233.0+1982.0j
2016-02-07 12:00:00,7032.0+1928.0j
2016-02-07 12:01:00,7836.0+2148.0j
2016-02-07 12:02:00,7647.0+2094.0j
2016-02-07 12:03:00,7228.0+1980.0j
2016-02-07 12:04:00,7840.0+2148.0j
2016-02-07 12:05:00,7239.0+1983.0j
2016-02-07 12:06:00,7239.0+1976.0j
2016-02-07 12:07:00,6649.0+1814.0j
2016-02-07 12:08:00,7049.0+1925.0j
2016-02-07 12:09:00,7049.0+1925.0j
2016-02-07 12:10:00,7033.0+1920.0j
2016-02-07 12:11:00,7044.0+1923.0j
2016-02-07 12:12:00,8244.0+2251.0j
2016-02-07 12:13:00,8244.0+2251.0j
2016-02-07 12:14:00,8244.0+2251.0j
2016-02-07 12:15:00,8653.0+2362.0j
2016-02-07 12:16:00,8854.0+2417.0j
2016-02-07 12:17:00,8634.0+2357.0j
2016-02-07 12:18:00,8634.0+2357.0j
2016-02-07 12:19:00,8634.0+2357.0j
2016-02-07 12:20:00,7836.0+2140.0j
2016-02-07 12:21:00,8046.0+2189.0j
2016-02-07 12:22:00,7847.0+2135.0j
2016-02-07 12:23:00,7448.0+2026.0j
2016-02-07 12:24:00,7049.0+1917.0j
2016-02-07 12:25:00,6850.0+1862.0j
2016-02-07 12:26:00,7231.0+1967.0j
2016-02-07 12:27:00,7032.0+1913.0j
2016-02-07 12:28:00,8226.0+2238.0j
2016-02-07 12:29:00,8237.0+2240.0j
2016-02-07 12:30:00,8834.0+2403.0j
2016-02-07 12:31:00,8634.0+2349.0j
2016-02-07 12:32:00,9033.0+2458.0j
2016-02-07 12:33:00,9431.0+2565.0j
2016-02-07 12:34:00,10029.0+2727.0j
2016-02-07 12:35:00,10425.0+2836.0j
2016-02-07 12:36:00,10401.0+2830.0j
2016-02-07 12:37:00,10401.0+2830.0j
2016-02-07 12:38:00,10203.0+2776.0j
2016-02-07 12:39:00,10203.0+2776.0j
2016-02-07 12:40:00,10213.0+2778.0j
2016-02-07 12:41:00,10213.0+2778.0j
2016-02-07 12:42:00,10411.0+2832.0j
2016-02-07 12:43:00,10213.0+2778.0j
2016-02-07 12:44:00,10213.0+2778.0j
2016-02-07 12:45:00,10411.0+2832.0j
2016-02-07 12:46:00,10411.0+2832.0j
2016-02-07 12:47:00,10411.0+2832.0j
2016-02-07 12:48:00,10422.0+2836.0j
2016-02-07 12:49:00,10422.0+2836.0j
2016-02-07 12:50:00,10422.0+2836.0j
2016-02-07 12:51:00,10398.0+2828.0j
2016-02-07 12:52:00,10398.0+2828.0j
2016-02-07 12:53:00,10398.0+2828.0j
2016-02-07 12:54:00,10409.0+2831.0j
2016-02-07 12:55:00,10409.0+2831.0j
2016-02-07 12:56:00,10409.0+2831.0j
2016-02-07 12:57:00,10409.0+2831.0j
2016-02-07 12:58:00,10211.0+2777.0j
2016-02-07 12:59:00,10023.0+2727.0j
2016-02-07 13:00:00,8638.0+2349.0j
2016-02-07 13:01:00,9033.0+2458.0j
2016-02-07 13:02:00,8252.0+2245.0j
2016-02-07 13:03:00,6668.0+1814.0j
2016-02-07 13:04:00,6075.0+1653.0j
2016-02-07 13:05:00,4897.0+1332.0j
2016-02-07 13:06:00,4305.0+1170.0j
2016-02-07 13:07:00,4699.0+1278.0j
2016-02-07 13:08:00,5106.0+1389.0j
2016-02-07 13:09:00,3919.0+1066.0j
2016-02-07 13:10:00,2742.0+745.0j
2016-02-07 13:11:00,2742.0+745.0j
2016-02-07 13:12:00,5117.0+1392.0j
2016-02-07 13:13:00,5128.0+1394.0j
2016-02-07 13:14:00,6514.0+1772.0j
2016-02-07 13:15:00,6707.0+1825.0j
2016-02-07 13:16:00,6510.0+1771.0j
2016-02-07 13:17:00,5335.0+1452.0j
2016-02-07 13:18:00,5335.0+1452.0j
2016-02-07 13:19:00,6136.0+1669.0j
2016-02-07 13:20:00,6136.0+1669.0j
2016-02-07 13:21:00,5751.0+1564.0j
2016-02-07 13:22:00,5565.0+1515.0j
2016-02-07 13:23:00,5761.0+1568.0j
2016-02-07 13:24:00,6958.0+1893.0j
2016-02-07 13:25:00,8144.0+2216.0j
2016-02-07 13:26:00,9340.0+2540.0j
2016-02-07 13:27:00,9153.0+2489.0j
2016-02-07 13:28:00,8955.0+2436.0j
2016-02-07 13:29:00,9756.0+2654.0j
2016-02-07 13:30:00,10754.0+2926.0j
2016-02-07 13:31:00,10951.0+2978.0j
2016-02-07 13:32:00,10567.0+2874.0j
2016-02-07 13:33:00,10577.0+2878.0j
2016-02-07 13:34:00,10983.0+2988.0j
2016-02-07 13:35:00,11379.0+3095.0j
2016-02-07 13:36:00,11416.0+3105.0j
2016-02-07 13:37:00,11228.0+3054.0j
2016-02-07 13:38:00,11636.0+3165.0j
2016-02-07 13:39:00,11647.0+3168.0j
2016-02-07 13:40:00,11657.0+3170.0j
2016-02-07 13:41:00,11657.0+3170.0j
2016-02-07 13:42:00,11668.0+3174.0j
2016-02-07 13:43:00,11679.0+3176.0j
2016-02-07 13:44:00,11690.0+3180.0j
2016-02-07 13:45:00,11700.0+3182.0j
2016-02-07 13:46:00,11909.0+3239.0j
2016-02-07 13:47:00,11919.0+3242.0j
2016-02-07 13:48:00,11931.0+3245.0j
2016-02-07 13:49:00,12138.0+3301.0j
2016-02-07 13:50:00,11952.0+3251.0j
2016-02-07 13:51:00,11961.0+3254.0j
2016-02-07 13:52:00,11973.0+3257.0j
2016-02-07 13:53:00,12181.0+3314.0j
2016-02-07 13:54:00,12193.0+3317.0j
2016-02-07 13:55:00,12232.0+3328.0j
2016-02-07 13:56:00,12243.0+3330.0j
2016-02-07 13:57:00,12453.0+3388.0j
2016-02-07 13:58:00,12463.0+3390.0j
2016-02-07 13:59:00,12474.0+3393.0j
2016-02-07 14:00:00,12484.0+3396.0j
2016-02-07 14:01:00,12496.0+3398.0j
2016-02-07 14:02:00,12506.0+3402.0j
2016-02-07 14:03:00,12715.0+3458.0j
2016-02-07 14:04:00,12737.0+3465.0j
2016-02-07 14:05:00,12578.0+3421.0j
2016-02-07 14:06:00,12788.0+3478.0j
2016-02-07 14:07:00,12799.0+3480.0j
2016-02-07 14:08:00,12809.0+3484.0j
2016-02-07 14:09:00,12831.0+3478.0j
2016-02-07 14:10:00,12841.0+3480.0j
2016-02-07 14:11:00,12853.0+3484.0j
2016-02-07 14:12:00,13063.0+3541.0j
2016-02-07 14:13:00,13115.0+3554.0j
2016-02-07 14:14:00,12725.0+3449.0j
2016-02-07 14:15:00,12936.0+3506.0j
2016-02-07 14:16:00,12957.0+3511.0j
2016-02-07 14:17:00,13169.0+3568.0j
2016-02-07 14:18:00,13190.0+3574.0j
2016-02-07 14:19:00,13200.0+3577.0j
2016-02-07 14:20:00,13242.0+3589.0j
2016-02-07 14:21:00,13663.0+3703.0j
2016-02-07 14:22:00,13474.0+3652.0j
2016-02-07 14:23:00,13496.0+3644.0j
2016-02-07 14:24:00,13708.0+3700.0j
2016-02-07 14:25:00,13729.0+3707.0j
2016-02-07 14:26:00,13782.0+3720.0j
2016-02-07 14:27:00,13993.0+3777.0j
2016-02-07 14:28:00,14015.0+3784.0j
2016-02-07 14:29:00,13837.0+3735.0j
2016-02-07 14:30:00,13847.0+3739.0j
2016-02-07 14:31:00,13869.0+3745.0j
2016-02-07 14:32:00,13891.0+3750.0j
2016-02-07 14:33:00,14146.0+3819.0j
2016-02-07 14:34:00,14157.0+3823.0j
2016-02-07 14:35:00,14379.0+3867.0j
2016-02-07 14:36:00,14401.0+3874.0j
2016-02-07 14:37:00,14423.0+3879.0j
2016-02-07 14:38:00,14445.0+3886.0j
2016-02-07 14:39:00,14500.0+3900.0j
2016-02-07 14:40:00,14722.0+3960.0j
2016-02-07 14:41:00,14744.0+3967.0j
2016-02-07 14:42:00,14766.0+3973.0j
2016-02-07 14:43:00,14788.0+3977.0j
2016-02-07 14:44:00,14810.0+3984.0j
2016-02-07 14:45:00,15044.0+4047.0j
2016-02-07 14:46:00,15066.0+4052.0j
2016-02-07 14:47:00,15122.0+4067.0j
2016-02-07 14:48:00,15346.0+4128.0j
2016-02-07 14:49:00,15177.0+4067.0j
2016-02-07 14:50:00,15400.0+4128.0j
2016-02-07 14:51:00,15432.0+4136.0j
2016-02-07 14:52:00,15454.0+4141.0j
2016-02-07 14:53:00,15679.0+4202.0j
2016-02-07 14:54:00,15712.0+4210.0j
2016-02-07 14:55:00,15780.0+4229.0j
2016-02-07 14:56:00,15196.0+4073.0j
2016-02-07 14:57:00,14623.0+3919.0j
2016-02-07 14:58:00,14251.0+3819.0j
2016-02-07 14:59:00,13667.0+3663.0j
2016-02-07 15:00:00,13295.0+3563.0j
2016-02-07 15:01:00,12722.0+3410.0j
2016-02-07 15:02:00,12147.0+3256.0j
2016-02-07 15:03:00,11778.0+3156.0j
2016-02-07 15:04:00,11203.0+3002.0j
2016-02-07 15:05:00,10630.0+2849.0j
2016-02-07 15:06:00,10864.0+2912.0j
2016-02-07 15:07:00,10898.0+2921.0j
2016-02-07 15:08:00,10956.0+2936.0j
2016-02-07 15:09:00,11191.0+2999.0j
2016-02-07 15:10:00,11427.0+3063.0j
2016-02-07 15:11:00,14701.0+3940.0j
2016-02-07 15:12:00,14746.0+3952.0j
2016-02-07 15:13:00,14779.0+3960.0j
2016-02-07 15:14:00,15025.0+4028.0j
2016-02-07 15:15:00,15058.0+4036.0j
2016-02-07 15:16:00,15102.0+4048.0j
2016-02-07 15:17:00,15337.0+4111.0j
2016-02-07 15:18:00,15381.0+4107.0j
2016-02-07 15:19:00,15629.0+4173.0j
2016-02-07 15:20:00,17890.0+4776.0j
2016-02-07 15:21:00,17934.0+4788.0j
2016-02-07 15:22:00,17978.0+4801.0j
2016-02-07 15:23:00,18022.0+4812.0j
2016-02-07 15:24:00,18268.0+4878.0j
2016-02-07 15:25:00,18312.0+4890.0j
2016-02-07 15:26:00,18559.0+4955.0j
2016-02-07 15:27:00,17793.0+4751.0j
2016-02-07 15:28:00,17645.0+4712.0j
2016-02-07 15:29:00,17081.0+4544.0j
2016-02-07 15:30:00,15301.0+4071.0j
2016-02-07 15:31:00,14950.0+3977.0j
2016-02-07 15:32:00,14389.0+3828.0j
2016-02-07 15:33:00,14240.0+3788.0j
2016-02-07 15:34:00,13675.0+3624.0j
2016-02-07 15:35:00,15353.0+4068.0j
2016-02-07 15:36:00,17434.0+4620.0j
2016-02-07 15:37:00,17489.0+4635.0j
2016-02-07 15:38:00,17746.0+4685.0j
2016-02-07 15:39:00,17600.0+4645.0j
2016-02-07 15:40:00,17286.0+4563.0j
2016-02-07 15:41:00,17546.0+4615.0j
2016-02-07 15:42:00,17600.0+4629.0j
2016-02-07 15:43:00,16640.0+4375.0j
2016-02-07 15:44:00,16696.0+4375.0j
2016-02-07 15:45:00,16965.0+4445.0j
2016-02-07 15:46:00,17020.0+4443.0j
2016-02-07 15:47:00,17290.0+4512.0j
2016-02-07 15:48:00,16735.0+4368.0j
2016-02-07 15:49:00,17004.0+4421.0j
2016-02-07 15:50:00,17070.0+4438.0j
2016-02-07 15:51:00,17137.0+4438.0j
2016-02-07 15:52:00,16796.0+4333.0j
2016-02-07 15:53:00,17065.0+4403.0j
2016-02-07 15:54:00,17131.0+4403.0j
2016-02-07 15:55:00,17401.0+4472.0j
2016-02-07 15:56:00,17506.0+4482.0j
2016-02-07 15:57:00,17381.0+4432.0j
2016-02-07 15:58:00,17650.0+4501.0j
2016-02-07 15:59:00,17309.0+4396.0j
2016-02-07 16:00:00,17794.0+4503.0j
2016-02-07 16:01:00,16243.0+4093.0j
2016-02-07 16:02:00,14885.0+3735.0j
2016-02-07 16:03:00,14556.0+3653.0j
2016-02-07 16:04:00,12422.0+3105.0j
2016-02-07 16:05:00,12908.0+3214.0j
2016-02-07 16:06:00,12780.0+3170.0j
2016-02-07 16:07:00,12450.0+3075.0j
2016-02-07 16:08:00,14159.0+3484.0j
2016-02-07 16:09:00,13229.0+3241.0j
2016-02-07 16:10:00,13714.0+3347.0j
2016-02-07 16:11:00,15049.0+3657.0j
2016-02-07 16:12:00,20647.0+4996.0j
2016-02-07 16:13:00,18691.0+4505.0j
2016-02-07 16:14:00,17541.0+4209.0j
2016-02-07 16:15:00,16609.0+3970.0j
2016-02-07 16:16:00,19798.0+4713.0j
2016-02-07 16:17:00,20296.0+4810.0j
2016-02-07 16:18:00,16686.0+3938.0j
2016-02-07 16:19:00,18209.0+4262.0j
2016-02-07 16:20:00,21975.0+5120.0j
2016-02-07 16:21:00,24785.0+5750.0j
2016-02-07 16:22:00,23014.0+5316.0j
2016-02-07 16:23:00,22898.0+5267.0j
2016-02-07 16:24:00,25235.0+5779.0j
2016-02-07 16:25:00,24298.0+5539.0j
2016-02-07 16:26:00,25665.0+5826.0j
2016-02-07 16:27:00,25137.0+5681.0j
2016-02-07 16:28:00,23981.0+5395.0j
2016-02-07 16:29:00,23451.0+5253.0j
2016-02-07 16:30:00,23119.0+5156.0j
2016-02-07 16:31:00,24911.0+5530.0j
2016-02-07 16:32:00,25195.0+5568.0j
2016-02-07 16:33:00,24243.0+5333.0j
2016-02-07 16:34:00,20412.0+4471.0j
2016-02-07 16:35:00,20077.0+4377.0j
2016-02-07 16:36:00,19581.0+4250.0j
2016-02-07 16:37:00,20901.0+4514.0j
2016-02-07 16:38:00,21186.0+4554.0j
2016-02-07 16:39:00,25812.0+5524.0j
2016-02-07 16:40:00,24031.0+5118.0j
2016-02-07 16:41:00,24370.0+5192.0j
2016-02-07 16:42:00,28179.0+5974.0j
2016-02-07 16:43:00,28051.0+5919.0j
2016-02-07 16:44:00,27911.0+5861.0j
2016-02-07 16:45:00,27161.0+5703.0j
2016-02-07 16:46:00,27497.0+5746.0j
2016-02-07 16:47:00,27576.0+5736.0j
2016-02-07 16:48:00,27851.0+5792.0j
2016-02-07 16:49:00,27088.0+5607.0j
2016-02-07 16:50:00,27362.0+5664.0j
2016-02-07 16:51:00,28324.0+5835.0j
2016-02-07 16:52:00,29432.0+6064.0j
2016-02-07 16:53:00,28876.0+5920.0j
2016-02-07 16:54:00,29556.0+6059.0j
2016-02-07 16:55:00,28376.0+5816.0j
2016-02-07 16:56:00,30097.0+6140.0j
2016-02-07 16:57:00,30429.0+6208.0j
2016-02-07 16:58:00,30277.0+6177.0j
2016-02-07 16:59:00,29291.0+5975.0j
2016-02-07 17:00:00,28721.0+5860.0j
2016-02-07 17:01:00,28779.0+5870.0j
2016-02-07 17:02:00,31744.0+6475.0j
2016-02-07 17:03:00,32624.0+6655.0j
2016-02-07 17:04:00,33798.0+6896.0j
2016-02-07 17:05:00,33844.0+6938.0j
2016-02-07 17:06:00,33888.0+6946.0j
2016-02-07 17:07:00,33934.0+6956.0j
2016-02-07 17:08:00,33969.0+6964.0j
2016-02-07 17:09:00,34013.0+7007.0j
2016-02-07 17:10:00,34047.0+7014.0j
2016-02-07 17:11:00,34081.0+7054.0j
2016-02-07 17:12:00,34115.0+7062.0j
2016-02-07 17:13:00,34150.0+7103.0j
2016-02-07 17:14:00,34184.0+7110.0j
2016-02-07 17:15:00,34293.0+7167.0j
2016-02-07 17:16:00,34328.0+7208.0j
2016-02-07 17:17:00,34350.0+7214.0j
2016-02-07 17:18:00,34385.0+7255.0j
2016-02-07 17:19:00,34408.0+7294.0j
2016-02-07 17:20:00,34430.0+7299.0j
2016-02-07 17:21:00,34453.0+7339.0j
2016-02-07 17:22:00,34476.0+7377.0j
2016-02-07 17:23:00,34498.0+7418.0j
2016-02-07 17:24:00,34521.0+7456.0j
2016-02-07 17:25:00,34533.0+7460.0j
2016-02-07 17:26:00,34555.0+7497.0j
2016-02-07 17:27:00,34567.0+7536.0j
2016-02-07 17:28:00,34589.0+7576.0j
2016-02-07 17:29:00,34601.0+7612.0j
2016-02-07 17:30:00,34611.0+7649.0j
2016-02-07 17:31:00,34623.0+7687.0j
2016-02-07 17:32:00,34635.0+7724.0j
2016-02-07 17:33:00,34646.0+7761.0j
2016-02-07 17:34:00,34657.0+7798.0j
2016-02-07 17:35:00,34657.0+7832.0j
2016-02-07 17:36:00,34669.0+7870.0j
2016-02-07 17:37:00,34669.0+7904.0j
2016-02-07 17:38:00,34679.0+7942.0j
2016-02-07 17:39:00,34679.0+7942.0j
2016-02-07 17:40:00,34679.0+7976.0j
2016-02-07 17:41:00,34692.0+8014.0j
2016-02-07 17:42:00,34692.0+8048.0j
2016-02-07 17:43:00,34692.0+8083.0j
2016-02-07 17:44:00,34692.0+8117.0j
2016-02-07 17:45:00,34692.0+8152.0j
2016-02-07 17:46:00,34679.0+8184.0j
2016-02-07 17:47:00,34679.0+8219.0j
2016-02-07 17:48:00,34679.0+8254.0j
2016-02-07 17:49:00,34679.0+8254.0j
2016-02-07 17:50:00,34669.0+8286.0j
2016-02-07 17:51:00,34669.0+8321.0j
2016-02-07 17:52:00,34657.0+8352.0j
2016-02-07 17:53:00,34657.0+8387.0j
2016-02-07 17:54:00,34646.0+8384.0j
2016-02-07 17:55:00,34635.0+8416.0j
2016-02-07 17:56:00,34623.0+8448.0j
2016-02-07 17:57:00,34623.0+8448.0j
2016-02-07 17:58:00,34611.0+8480.0j
2016-02-07 17:59:00,34601.0+8478.0j
2016-02-07 18:00:00,34589.0+8509.0j
2016-02-07 18:01:00,34578.0+8541.0j
2016-02-07 18:02:00,34567.0+8538.0j
2016-02-07 18:03:00,34555.0+8536.0j
2016-02-07 18:04:00,34543.0+8567.0j
2016-02-07 18:05:00,34533.0+8564.0j
2016-02-07 18:06:00,34521.0+8561.0j
2016-02-07 18:07:00,34498.0+8590.0j
2016-02-07 18:08:00,34487.0+8588.0j
2016-02-07 18:09:00,34476.0+8584.0j
2016-02-07 18:10:00,34464.0+8616.0j
2016-02-07 18:11:00,34442.0+8610.0j
2016-02-07 18:12:00,34430.0+8606.0j
2016-02-07 18:13:00,34418.0+8604.0j
2016-02-07 18:14:00,34396.0+8599.0j
2016-02-07 18:15:00,34385.0+8596.0j
2016-02-07 18:16:00,34362.0+8590.0j
2016-02-07 18:17:00,34350.0+8588.0j
2016-02-07 18:18:00,34328.0+8582.0j
2016-02-07 18:19:00,34317.0+8579.0j
2016-02-07 18:20:00,34293.0+8574.0j
2016-02-07 18:21:00,34281.0+8571.0j
2016-02-07 18:22:00,34184.0+8547.0j
2016-02-07 18:23:00,34162.0+8541.0j
2016-02-07 18:24:00,34150.0+8537.0j
2016-02-07 18:25:00,34127.0+8531.0j
2016-02-07 18:26:00,34105.0+8526.0j
2016-02-07 18:27:00,34081.0+8521.0j
2016-02-07 18:28:00,34070.0+8483.0j
2016-02-07 18:29:00,34047.0+8479.0j
2016-02-07 18:30:00,34024.0+8473.0j
2016-02-07 18:31:00,34002.0+8467.0j
2016-02-07 18:32:00,33991.0+8463.0j
2016-02-07 18:33:00,33969.0+8424.0j
2016-02-07 18:34:00,33946.0+8418.0j
2016-02-07 18:35:00,33923.0+8413.0j
2016-02-07 18:36:00,33901.0+8407.0j
2016-02-07 18:37:00,33878.0+8368.0j
2016-02-07 18:38:00,33866.0+8365.0j
2016-02-07 18:39:00,33844.0+8359.0j
2016-02-07 18:40:00,33820.0+8355.0j
2016-02-07 18:41:00,33798.0+8315.0j
2016-02-07 18:42:00,33776.0+8308.0j
2016-02-07 18:43:00,33753.0+8302.0j
2016-02-07 18:44:00,33730.0+8296.0j
2016-02-07 18:45:00,33708.0+8259.0j
2016-02-07 18:46:00,33684.0+8252.0j
2016-02-07 18:47:00,33673.0+8250.0j
2016-02-07 18:48:00,33651.0+8245.0j
2016-02-07 18:49:00,33627.0+8205.0j
2016-02-07 18:50:00,33605.0+8199.0j
2016-02-07 18:51:00,33508.0+8176.0j
2016-02-07 18:52:00,33486.0+8171.0j
2016-02-07 18:53:00,33463.0+8130.0j
2016-02-07 18:54:00,33439.0+8126.0j
2016-02-07 18:55:00,33417.0+8120.0j
2016-02-07 18:56:00,33395.0+8115.0j
2016-02-07 18:57:00,33384.0+8113.0j
2016-02-07 18:58:00,33361.0+8073.0j
2016-02-07 18:59:00,33338.0+8068.0j
2016-02-07 19:00:00,33316.0+8062.0j
2016-02-07 19:01:00,33293.0+8058.0j
2016-02-07 19:02:00,33271.0+8052.0j
2016-02-07 19:03:00,33259.0+8049.0j
2016-02-07 19:04:00,33236.0+8010.0j
2016-02-07 19:05:00,33213.0+8005.0j
2016-02-07 19:06:00,33191.0+7999.0j
2016-02-07 19:07:00,33168.0+7994.0j
2016-02-07 19:08:00,33157.0+7992.0j
2016-02-07 19:09:00,33061.0+7968.0j
2016-02-07 19:10:00,33039.0+7962.0j
2016-02-07 19:11:00,33016.0+7957.0j
2016-02-07 19:12:00,33004.0+7954.0j
2016-02-07 19:13:00,32982.0+7949.0j
2016-02-07 19:14:00,32960.0+7943.0j
2016-02-07 19:15:00,32937.0+7938.0j
2016-02-07 19:16:00,32926.0+7935.0j
2016-02-07 19:17:00,32903.0+7929.0j
2016-02-07 19:18:00,32881.0+7924.0j
2016-02-07 19:19:00,32858.0+7918.0j
2016-02-07 19:20:00,32847.0+7916.0j
2016-02-07 19:21:00,32825.0+7911.0j
2016-02-07 19:22:00,32801.0+7906.0j
2016-02-07 19:23:00,32779.0+7900.0j
2016-02-07 19:24:00,32694.0+7913.0j
2016-02-07 19:25:00,32673.0+7907.0j
2016-02-07 19:26:00,32650.0+7902.0j
2016-02-07 19:27:00,32627.0+7896.0j
2016-02-07 19:28:00,32616.0+7894.0j
2016-02-07 19:29:00,32593.0+7888.0j
2016-02-07 19:30:00,32571.0+7882.0j
2016-02-07 19:31:00,32548.0+7876.0j
2016-02-07 19:32:00,32525.0+7872.0j
2016-02-07 19:33:00,32515.0+7902.0j
2016-02-07 19:34:00,32493.0+7896.0j
2016-02-07 19:35:00,32469.0+7891.0j
2016-02-07 19:36:00,32447.0+7884.0j
2016-02-07 19:37:00,32425.0+7879.0j
2016-02-07 19:38:00,32341.0+7859.0j
2016-02-07 19:39:00,32318.0+7853.0j
2016-02-07 19:40:00,32296.0+7848.0j
2016-02-07 19:41:00,32273.0+7874.0j
2016-02-07 19:42:00,32251.0+7869.0j
2016-02-07 19:43:00,32228.0+7864.0j
2016-02-07 19:44:00,32206.0+7859.0j
2016-02-07 19:45:00,32184.0+7853.0j
2016-02-07 19:46:00,32162.0+7848.0j
2016-02-07 19:47:00,32139.0+7841.0j
2016-02-07 19:48:00,32116.0+7869.0j
2016-02-07 19:49:00,32094.0+7863.0j
2016-02-07 19:50:00,32071.0+7858.0j
2016-02-07 19:51:00,32049.0+7851.0j
2016-02-07 19:52:00,31955.0+7828.0j
2016-02-07 19:53:00,31932.0+7824.0j
2016-02-07 19:54:00,31910.0+7818.0j
2016-02-07 19:55:00,31887.0+7813.0j
2016-02-07 19:56:00,31865.0+7839.0j
2016-02-07 19:57:00,31842.0+7834.0j
2016-02-07 19:58:00,31808.0+7826.0j
2016-02-07 19:59:00,31786.0+7820.0j
2016-02-07 20:00:00,31764.0+7814.0j
2016-02-07 20:01:00,31742.0+7807.0j
2016-02-07 20:02:00,31708.0+7800.0j
2016-02-07 20:03:00,31685.0+7794.0j
2016-02-07 20:04:00,31663.0+7789.0j
2016-02-07 20:05:00,31629.0+7780.0j
2016-02-07 20:06:00,31607.0+7775.0j
2016-02-07 20:07:00,31585.0+7801.0j
2016-02-07 20:08:00,31550.0+7793.0j
2016-02-07 20:09:00,31529.0+7787.0j
2016-02-07 20:10:00,31424.0+7762.0j
2016-02-07 20:11:00,31401.0+7756.0j
2016-02-07 20:12:00,31367.0+7748.0j
2016-02-07 20:13:00,31345.0+7742.0j
2016-02-07 20:14:00,31312.0+7735.0j
2016-02-07 20:15:00,31290.0+7729.0j
2016-02-07 20:16:00,31256.0+7720.0j
2016-02-07 20:17:00,31234.0+7715.0j
2016-02-07 20:18:00,31200.0+7707.0j
2016-02-07 20:19:00,31178.0+7702.0j
2016-02-07 20:20:00,31144.0+7693.0j
2016-02-07 20:21:00,31111.0+7684.0j
2016-02-07 20:22:00,31088.0+7680.0j
2016-02-07 20:23:00,31055.0+7670.0j
2016-02-07 20:24:00,31021.0+7662.0j
2016-02-07 20:25:00,30998.0+7657.0j
2016-02-07 20:26:00,30965.0+7649.0j
2016-02-07 20:27:00,30932.0+7640.0j
2016-02-07 20:28:00,30897.0+7632.0j
2016-02-07 20:29:00,30876.0+7626.0j
2016-02-07 20:30:00,30842.0+7618.0j
2016-02-07 20:31:00,30808.0+7609.0j
2016-02-07 20:32:00,30775.0+7601.0j
2016-02-07 20:33:00,30753.0+7596.0j
2016-02-07 20:34:00,30719.0+7587.0j
2016-02-07 20:35:00,30685.0+7579.0j
2016-02-07 20:36:00,30652.0+7571.0j
2016-02-07 20:37:00,30560.0+7549.0j
2016-02-07 20:38:00,30526.0+7541.0j
2016-02-07 20:39:00,30493.0+7531.0j
2016-02-07 20:40:00,30460.0+7524.0j
2016-02-07 20:41:00,30426.0+7516.0j
2016-02-07 20:42:00,30404.0+7510.0j
2016-02-07 20:43:00,30371.0+7471.0j
2016-02-07 20:44:00,30337.0+7462.0j
2016-02-07 20:45:00,30304.0+7454.0j
2016-02-07 20:46:00,30270.0+7447.0j
2016-02-07 20:47:00,30236.0+7438.0j
2016-02-07 20:48:00,30214.0+7432.0j
2016-02-07 20:49:00,30181.0+7425.0j
2016-02-07 20:50:00,30147.0+7417.0j
2016-02-07 20:51:00,30113.0+7407.0j
2016-02-07 20:52:00,30080.0+7399.0j
2016-02-07 20:53:00,30057.0+7394.0j
2016-02-07 20:54:00,30024.0+7386.0j
2016-02-07 20:55:00,29991.0+7377.0j
2016-02-07 20:56:00,29958.0+7370.0j
2016-02-07 20:57:00,29924.0+7362.0j
2016-02-07 20:58:00,29902.0+7356.0j
2016-02-07 20:59:00,29869.0+7348.0j
2016-02-07 21:00:00,29834.0+7339.0j
2016-02-07 21:01:00,29801.0+7331.0j
2016-02-07 21:02:00,29768.0+7322.0j
2016-02-07 21:03:00,29745.0+7317.0j
2016-02-07 21:04:00,29712.0+7309.0j
2016-02-07 21:05:00,29678.0+7301.0j
2016-02-07 21:06:00,29644.0+7293.0j
2016-02-07 21:07:00,29622.0+7287.0j
2016-02-07 21:08:00,29589.0+7279.0j
2016-02-07 21:09:00,29555.0+7271.0j
2016-02-07 21:10:00,29520.0+7262.0j
2016-02-07 21:11:00,29498.0+7256.0j
2016-02-07 21:12:00,29465.0+7249.0j
2016-02-07 21:13:00,29431.0+7241.0j
2016-02-07 21:14:00,29399.0+7232.0j
2016-02-07 21:15:00,29365.0+7223.0j
2016-02-07 21:16:00,29331.0+7215.0j
2016-02-07 21:17:00,29309.0+7210.0j
2016-02-07 21:18:00,29276.0+7200.0j
2016-02-07 21:19:00,29242.0+7193.0j
2016-02-07 21:20:00,29208.0+7185.0j
2016-02-07 21:21:00,29175.0+7177.0j
2016-02-07 21:22:00,29142.0+7169.0j
2016-02-07 21:23:00,29107.0+7160.0j
2016-02-07 21:24:00,29074.0+7152.0j
2016-02-07 21:25:00,28976.0+7128.0j
2016-02-07 21:26:00,28942.0+7120.0j
2016-02-07 21:27:00,28898.0+7109.0j
2016-02-07 21:28:00,28865.0+7100.0j
2016-02-07 21:29:00,28830.0+7093.0j
2016-02-07 21:30:00,28797.0+7084.0j
2016-02-07 21:31:00,28753.0+7073.0j
2016-02-07 21:32:00,28719.0+7065.0j
2016-02-07 21:33:00,28686.0+7086.0j
2016-02-07 21:34:00,28642.0+7075.0j
2016-02-07 21:35:00,28608.0+7067.0j
2016-02-07 21:36:00,28563.0+7054.0j
2016-02-07 21:37:00,28530.0+7046.0j
2016-02-07 21:38:00,28485.0+7035.0j
2016-02-07 21:39:00,28441.0+7025.0j
2016-02-07 21:40:00,28408.0+7017.0j
2016-02-07 21:41:00,28363.0+7006.0j
2016-02-07 21:42:00,28319.0+6994.0j
2016-02-07 21:43:00,28273.0+6984.0j
2016-02-07 21:44:00,28229.0+6973.0j
2016-02-07 21:45:00,28121.0+6945.0j
2016-02-07 21:46:00,28077.0+6935.0j
2016-02-07 21:47:00,28032.0+6952.0j
2016-02-07 21:48:00,27988.0+6941.0j
2016-02-07 21:49:00,27933.0+6927.0j
2016-02-07 21:50:00,27887.0+6916.0j
2016-02-07 21:51:00,27832.0+6902.0j
2016-02-07 21:52:00,27788.0+6890.0j
2016-02-07 21:53:00,27732.0+6877.0j
2016-02-07 21:54:00,27688.0+6866.0j
2016-02-07 21:55:00,27631.0+6853.0j
2016-02-07 21:56:00,27514.0+6822.0j
2016-02-07 21:57:00,27459.0+6837.0j
2016-02-07 21:58:00,27403.0+6822.0j
2016-02-07 21:59:00,27348.0+6809.0j
2016-02-07 22:00:00,27292.0+6795.0j
2016-02-07 22:01:00,27237.0+6782.0j
2016-02-07 22:02:00,27169.0+6765.0j
2016-02-07 22:03:00,27114.0+6752.0j
2016-02-07 22:04:00,26997.0+6750.0j
2016-02-07 22:05:00,26931.0+6732.0j
2016-02-07 22:06:00,26864.0+6717.0j
2016-02-07 22:07:00,26809.0+6702.0j
2016-02-07 22:08:00,26742.0+6687.0j
2016-02-07 22:09:00,26676.0+6669.0j
2016-02-07 22:10:00,26610.0+6653.0j
2016-02-07 22:11:00,26483.0+6648.0j
2016-02-07 22:12:00,26418.0+6631.0j
2016-02-07 22:13:00,26350.0+6613.0j
2016-02-07 22:14:00,26274.0+6595.0j
2016-02-07 22:15:00,26207.0+6578.0j
2016-02-07 22:16:00,26141.0+6588.0j
2016-02-07 22:17:00,26015.0+6556.0j
2016-02-07 22:18:00,25939.0+6537.0j
2016-02-07 22:19:00,25872.0+6520.0j
2016-02-07 22:20:00,25795.0+6500.0j
2016-02-07 22:21:00,25718.0+6480.0j
2016-02-07 22:22:00,25594.0+6475.0j
2016-02-07 22:23:00,25516.0+6455.0j
2016-02-07 22:24:00,25440.0+6436.0j
2016-02-07 22:25:00,25374.0+6420.0j
2016-02-07 22:26:00,25297.0+6400.0j
2016-02-07 22:27:00,25163.0+6391.0j
2016-02-07 22:28:00,25085.0+6372.0j
2016-02-07 22:29:00,25009.0+6352.0j
2016-02-07 22:30:00,24931.0+6333.0j
2016-02-07 22:31:00,24855.0+6313.0j
2016-02-07 22:32:00,24732.0+6306.0j
2016-02-07 22:33:00,24656.0+6288.0j
2016-02-07 22:34:00,24568.0+6265.0j
2016-02-07 22:35:00,24492.0+6246.0j
2016-02-07 22:36:00,24359.0+6212.0j
2016-02-07 22:37:00,24283.0+6215.0j
2016-02-07 22:38:00,24206.0+6198.0j
2016-02-07 22:39:00,24129.0+6178.0j
2016-02-07 22:40:00,24054.0+6157.0j
2016-02-07 22:41:00,23923.0+6147.0j
2016-02-07 22:42:00,23845.0+6130.0j
2016-02-07 22:43:00,23769.0+6109.0j
2016-02-07 22:44:00,23693.0+6089.0j
2016-02-07 22:45:00,23552.0+6054.0j
2016-02-07 22:46:00,23475.0+6056.0j
2016-02-07 22:47:00,23399.0+6036.0j
2016-02-07 22:48:00,23324.0+6018.0j
2016-02-07 22:49:00,23248.0+5999.0j
2016-02-07 22:50:00,23117.0+5988.0j
2016-02-07 22:51:00,23041.0+5968.0j
2016-02-07 22:52:00,22965.0+5947.0j
2016-02-07 22:53:00,22889.0+5928.0j
2016-02-07 22:54:00,22761.0+5918.0j
2016-02-07 22:55:00,22685.0+5898.0j
2016-02-07 22:56:00,22609.0+5878.0j
2016-02-07 22:57:00,22534.0+5859.0j
2016-02-07 22:58:00,22406.0+5848.0j
2016-02-07 22:59:00,22331.0+5827.0j
2016-02-07 23:00:00,22255.0+5809.0j
2016-02-07 23:01:00,22179.0+5789.0j
2016-02-07 23:02:00,22103.0+5769.0j
2016-02-07 23:03:00,21988.0+5760.0j
2016-02-07 23:04:00,21912.0+5741.0j
2016-02-07 23:05:00,21836.0+5722.0j
2016-02-07 23:06:00,21762.0+5702.0j
2016-02-07 23:07:00,21646.0+5693.0j
2016-02-07 23:08:00,21571.0+5673.0j
2016-02-07 23:09:00,21507.0+5656.0j
2016-02-07 23:10:00,21431.0+5636.0j
2016-02-07 23:11:00,21368.0+5640.0j
2016-02-07 23:12:00,21254.0+5610.0j
2016-02-07 23:13:00,21178.0+5591.0j
2016-02-07 23:14:00,21113.0+5574.0j
2016-02-07 23:15:00,21050.0+5578.0j
2016-02-07 23:16:00,20936.0+5547.0j
2016-02-07 23:17:00,20871.0+5532.0j
2016-02-07 23:18:00,20807.0+5514.0j
2016-02-07 23:19:00,20743.0+5517.0j
2016-02-07 23:20:00,20680.0+5500.0j
2016-02-07 23:21:00,20566.0+5471.0j
2016-02-07 23:22:00,20503.0+5455.0j
2016-02-07 23:23:00,20449.0+5439.0j
2016-02-07 23:24:00,20384.0+5444.0j
2016-02-07 23:25:00,20331.0+5428.0j
2016-02-07 23:26:00,20220.0+5399.0j
2016-02-07 23:27:00,20167.0+5384.0j
2016-02-07 23:28:00,20115.0+5390.0j
2016-02-07 23:29:00,20060.0+5376.0j
2016-02-07 23:30:00,20006.0+5361.0j
2016-02-07 23:31:00,19954.0+5348.0j
2016-02-07 23:32:00,19853.0+5321.0j
2016-02-07 23:33:00,19800.0+5326.0j
2016-02-07 23:34:00,19759.0+5316.0j
2016-02-07 23:35:00,19704.0+5300.0j
2016-02-07 23:36:00,19663.0+5290.0j
2016-02-07 23:37:00,19610.0+5295.0j
2016-02-07 23:38:00,19521.0+5270.0j
2016-02-07 23:39:00,19479.0+5259.0j
2016-02-07 23:40:00,19436.0+5248.0j
2016-02-07 23:41:00,19394.0+5237.0j
2016-02-07 23:42:00,19351.0+5245.0j
2016-02-07 23:43:00,19319.0+5235.0j
2016-02-07 23:44:00,19277.0+5224.0j
2016-02-07 23:45:00,19200.0+5202.0j
2016-02-07 23:46:00,19157.0+5192.0j
2016-02-07 23:47:00,19125.0+5202.0j
2016-02-07 23:48:00,19095.0+5194.0j
2016-02-07 23:49:00,19062.0+5185.0j
2016-02-07 23:50:00,19031.0+5177.0j
2016-02-07 23:51:00,19009.0+5171.0j
2016-02-07 23:52:00,18978.0+5181.0j
2016-02-07 23:53:00,18957.0+5174.0j
2016-02-07 23:54:00,18880.0+5154.0j
2016-02-07 23:55:00,18859.0+5148.0j
2016-02-07 23:56:00,18837.0+5144.0j
2016-02-07 23:57:00,18828.0+5139.0j
2016-02-07 23:58:00,18807.0+5153.0j
2016-02-07 23:59:00,18785.0+5147.0j
2016-02-08 00:00:00,18774.0+5145.0j
